0.21 0.09 0.17 0.16 0.15 0.07 0.06 0.08 0.06 0.11 0.08 0.07
0.21 0.08 0.16 0.15 0.14 0.07 0.06 0.09 0.07 0.11 0.08 0.08
0.21 0.09 0.17 0.16 0.15 0.06 0.06 0.08 0.06 0.11 0.08 0.07
0.21 0.09 0.17 0.15 0.14 0.06 0.06 0.08 0.06 0.11 0.08 0.07
0.21 0.09 0.17 0.15 0.14 0.06 0.06 0.08 0.06 0.10 0.07 0.07
0.21 0.09 0.17 0.15 0.14 0.06 0.06 0.08 0.06 0.10 0.07 0.07
0.21 0.09 0.18 0.16 0.14 0.06 0.06 0.08 0.06 0.10 0.07 0.07
0.21 0.09 0.18 0.16 0.14 0.06 0.06 0.08 0.06 0.10 0.07 0.07
0.21 0.09 0.17 0.15 0.14 0.06 0.06 0.08 0.06 0.11 0.08 0.07
0.21 0.09 0.17 0.15 0.14 0.06 0.06 0.08 0.06 0.11 0.08 0.07
0.21 0.09 0.17 0.15 0.14 0.06 0.06 0.08 0.06 0.11 0.08 0.07
0.21 0.09 0.17 0.15 0.14 0.06 0.06 0.08 0.06 0.11 0.08 0.07
0.21 0.09 0.17 0.15 0.14 0.06 0.06 0.08 0.06 0.10 0.07 0.07
0.21 0.09 0.17 0.15 0.14 0.06 0.06 0.08 0.06 0.10 0.07 0.07
