0.19 0.08 0.17 0.16 0.15 0.07 0.07 0.09 0.07 0.12 0.08 0.08
0.19 0.08 0.17 0.16 0.15 0.07 0.07 0.09 0.07 0.12 0.08 0.07
0.19 0.08 0.18 0.17 0.16 0.07 0.07 0.09 0.07 0.11 0.07 0.07
0.19 0.08 0.18 0.17 0.16 0.08 0.07 0.10 0.07 0.12 0.08 0.08
0.19 0.08 0.18 0.17 0.16 0.08 0.07 0.09 0.07 0.11 0.08 0.07
0.19 0.08 0.18 0.16 0.15 0.07 0.07 0.09 0.07 0.11 0.08 0.07
0.19 0.08 0.17 0.16 0.15 0.07 0.07 0.09 0.07 0.12 0.08 0.08
0.19 0.08 0.17 0.16 0.15 0.07 0.07 0.09 0.07 0.12 0.08 0.08
0.19 0.08 0.18 0.17 0.16 0.08 0.07 0.09 0.07 0.11 0.08 0.07
0.19 0.08 0.18 0.17 0.16 0.08 0.07 0.10 0.07 0.12 0.08 0.07
0.19 0.08 0.17 0.16 0.15 0.07 0.07 0.09 0.07 0.11 0.08 0.07
0.19 0.08 0.18 0.16 0.16 0.07 0.07 0.09 0.07 0.11 0.07 0.07
0.19 0.08 0.17 0.16 0.15 0.07 0.07 0.09 0.07 0.11 0.07 0.07
0.19 0.08 0.17 0.16 0.16 0.07 0.07 0.09 0.07 0.11 0.07 0.07
