0.29 0.12 0.19 0.17 0.15 0.09 0.09 0.11 0.09 0.14 0.10 0.10
0.29 0.12 0.19 0.18 0.16 0.07 0.08 0.10 0.08 0.12 0.09 0.08
0.29 0.12 0.19 0.18 0.16 0.07 0.08 0.10 0.08 0.12 0.08 0.08
0.29 0.12 0.18 0.17 0.15 0.09 0.09 0.11 0.09 0.13 0.10 0.10
0.29 0.12 0.19 0.17 0.16 0.07 0.08 0.10 0.08 0.12 0.08 0.08
0.29 0.12 0.19 0.18 0.16 0.08 0.08 0.10 0.08 0.12 0.08 0.08
0.29 0.12 0.19 0.17 0.16 0.08 0.08 0.10 0.08 0.12 0.08 0.08
0.29 0.12 0.19 0.17 0.16 0.08 0.08 0.10 0.08 0.12 0.08 0.08
0.29 0.12 0.19 0.18 0.16 0.08 0.08 0.10 0.08 0.12 0.08 0.08
0.29 0.12 0.19 0.18 0.16 0.08 0.08 0.10 0.08 0.12 0.08 0.08
0.29 0.12 0.19 0.17 0.16 0.09 0.09 0.11 0.09 0.13 0.10 0.10
0.29 0.12 0.19 0.17 0.16 0.09 0.08 0.11 0.09 0.13 0.09 0.09
0.29 0.12 0.19 0.18 0.16 0.07 0.08 0.10 0.07 0.12 0.08 0.08
0.29 0.12 0.19 0.18 0.16 0.08 0.08 0.10 0.08 0.12 0.08 0.08
