0.27 0.12 0.19 0.17 0.15 0.07 0.07 0.10 0.07 0.11 0.08 0.08
0.27 0.13 0.19 0.16 0.14 0.07 0.08 0.11 0.08 0.12 0.09 0.08
0.27 0.24 0.19 0.16 0.14 0.07 0.07 0.10 0.07 0.12 0.08 0.08
0.27 0.24 0.20 0.18 0.16 0.08 0.08 0.10 0.07 0.12 0.08 0.08
0.27 0.24 0.20 0.18 0.16 0.08 0.08 0.10 0.07 0.12 0.08 0.08
0.27 0.17 0.19 0.17 0.15 0.08 0.08 0.10 0.07 0.11 0.08 0.08
0.27 0.23 0.19 0.17 0.15 0.07 0.07 0.10 0.07 0.11 0.08 0.08
0.27 0.15 0.19 0.17 0.15 0.07 0.07 0.09 0.07 0.11 0.08 0.08
0.27 0.12 0.19 0.17 0.15 0.07 0.07 0.10 0.07 0.11 0.08 0.08
0.27 0.12 0.19 0.17 0.15 0.07 0.07 0.10 0.07 0.11 0.08 0.08
0.26 0.12 0.19 0.16 0.14 0.06 0.07 0.09 0.06 0.10 0.08 0.08
0.26 0.12 0.19 0.16 0.15 0.07 0.07 0.10 0.07 0.11 0.08 0.08
0.27 0.13 0.19 0.17 0.15 0.07 0.07 0.10 0.07 0.11 0.09 0.08
0.27 0.12 0.19 0.17 0.15 0.07 0.08 0.10 0.07 0.11 0.08 0.08
0.27 0.12 0.19 0.17 0.15 0.07 0.07 0.09 0.07 0.11 0.08 0.07
0.27 0.12 0.19 0.17 0.15 0.07 0.07 0.09 0.06 0.11 0.08 0.07
0.27 0.13 0.19 0.16 0.15 0.06 0.07 0.09 0.07 0.11 0.08 0.08
0.27 0.14 0.19 0.17 0.15 0.07 0.07 0.10 0.07 0.11 0.08 0.08
0.27 0.12 0.19 0.17 0.15 0.07 0.07 0.10 0.07 0.11 0.08 0.08
0.27 0.13 0.20 0.17 0.15 0.07 0.08 0.10 0.07 0.11 0.08 0.08
0.27 0.12 0.19 0.17 0.15 0.07 0.07 0.10 0.07 0.11 0.08 0.08
0.27 0.13 0.19 0.17 0.15 0.07 0.07 0.10 0.07 0.12 0.08 0.08
0.27 0.12 0.19 0.17 0.15 0.07 0.07 0.10 0.07 0.11 0.08 0.08
0.27 0.12 0.19 0.17 0.15 0.07 0.07 0.10 0.07 0.11 0.08 0.08
0.27 0.12 0.19 0.17 0.15 0.07 0.07 0.10 0.07 0.11 0.09 0.08
0.27 0.12 0.19 0.17 0.15 0.07 0.07 0.10 0.07 0.11 0.09 0.08
0.27 0.12 0.19 0.16 0.15 0.07 0.07 0.09 0.07 0.11 0.08 0.08
0.27 0.12 0.19 0.16 0.15 0.06 0.07 0.10 0.07 0.11 0.08 0.08
0.27 0.12 0.19 0.16 0.14 0.07 0.08 0.10 0.08 0.12 0.09 0.09
0.27 0.12 0.19 0.16 0.14 0.06 0.07 0.10 0.07 0.11 0.08 0.08
0.27 0.12 0.19 0.17 0.15 0.07 0.08 0.10 0.07 0.11 0.09 0.08
0.27 0.12 0.19 0.17 0.16 0.08 0.08 0.10 0.07 0.11 0.08 0.08
0.27 0.12 0.19 0.17 0.15 0.07 0.07 0.10 0.07 0.12 0.09 0.08
0.27 0.13 0.19 0.17 0.14 0.07 0.08 0.10 0.08 0.12 0.09 0.08
0.27 0.11 0.19 0.16 0.14 0.07 0.07 0.10 0.07 0.11 0.08 0.08
0.27 0.12 0.19 0.16 0.14 0.07 0.08 0.10 0.07 0.12 0.09 0.09
0.27 0.13 0.19 0.17 0.15 0.07 0.07 0.10 0.07 0.11 0.08 0.07
0.27 0.17 0.19 0.17 0.15 0.07 0.07 0.09 0.07 0.11 0.08 0.08
0.27 0.13 0.19 0.17 0.15 0.07 0.07 0.10 0.07 0.11 0.08 0.08
0.27 0.13 0.19 0.16 0.14 0.07 0.07 0.10 0.07 0.12 0.09 0.08
0.27 0.12 0.19 0.16 0.15 0.07 0.07 0.09 0.07 0.11 0.08 0.07
0.27 0.12 0.19 0.17 0.15 0.07 0.07 0.09 0.07 0.11 0.08 0.08
0.27 0.14 0.19 0.16 0.15 0.07 0.07 0.10 0.07 0.11 0.08 0.08
0.26 0.13 0.19 0.17 0.15 0.07 0.07 0.09 0.07 0.11 0.08 0.07
0.27 0.12 0.19 0.17 0.15 0.07 0.07 0.10 0.07 0.11 0.09 0.08
0.27 0.12 0.19 0.17 0.15 0.07 0.07 0.10 0.07 0.11 0.08 0.08
0.27 0.12 0.19 0.16 0.15 0.07 0.07 0.09 0.07 0.11 0.08 0.08
0.27 0.12 0.19 0.16 0.14 0.07 0.07 0.09 0.07 0.11 0.08 0.08
0.27 0.13 0.20 0.17 0.15 0.08 0.08 0.10 0.07 0.11 0.08 0.08
0.27 0.13 0.19 0.17 0.15 0.07 0.07 0.10 0.07 0.11 0.08 0.08
0.27 0.13 0.19 0.16 0.15 0.07 0.07 0.10 0.07 0.11 0.08 0.08
0.27 0.13 0.19 0.17 0.15 0.07 0.07 0.10 0.07 0.11 0.08 0.08
0.27 0.12 0.19 0.17 0.15 0.07 0.08 0.10 0.07 0.12 0.08 0.08
0.27 0.13 0.19 0.17 0.15 0.07 0.07 0.10 0.07 0.11 0.08 0.08
0.27 0.13 0.19 0.16 0.15 0.06 0.07 0.09 0.06 0.11 0.08 0.08
0.27 0.13 0.19 0.17 0.15 0.08 0.08 0.10 0.07 0.11 0.08 0.08
0.27 0.13 0.19 0.17 0.15 0.07 0.07 0.10 0.07 0.11 0.08 0.08
0.27 0.13 0.19 0.17 0.15 0.07 0.07 0.10 0.07 0.12 0.09 0.08
0.27 0.12 0.19 0.17 0.15 0.07 0.07 0.10 0.07 0.11 0.08 0.08
0.27 0.12 0.19 0.16 0.15 0.07 0.07 0.10 0.07 0.12 0.09 0.08
0.27 0.12 0.19 0.17 0.15 0.07 0.07 0.09 0.07 0.11 0.08 0.07
