0.00 0.00 -21453.82 -22833.76 1.00 1.00
1.00 0.00 -21453.82 -22732.53 1.00 1.00
2.00 1.00 -21412.73 -21412.73 192.82 1814.78
3.00 2.00 -21320.07 -21320.07 189.48 1777.34
4.00 2.00 -21320.07 -22846.04 189.48 1777.34
5.00 3.00 -21315.36 -21315.36 189.73 1766.84
6.00 3.00 -21315.36 -21382.65 189.73 1766.84
7.00 3.00 -21315.36 -21411.98 189.73 1766.84
8.00 3.00 -21315.36 -21382.65 189.73 1766.84
9.00 3.00 -21315.36 -21404.54 189.73 1766.84
10.00 3.00 -21315.36 -21410.40 189.73 1766.84
11.00 3.00 -21315.36 -21382.02 189.73 1766.84
12.00 3.00 -21315.36 -21327.41 189.73 1766.84
13.00 3.00 -21315.36 -21426.65 189.73 1766.84
14.00 3.00 -21315.36 -21383.49 189.73 1766.84
15.00 3.00 -21315.36 -21325.01 189.73 1766.84
16.00 3.00 -21315.36 -21467.80 189.73 1766.84
17.00 4.00 -21315.36 -21315.36 189.73 1766.84
18.00 4.00 -21315.36 -21388.63 189.73 1766.84
19.00 4.00 -21315.36 -21365.86 189.73 1766.84
20.00 5.00 -21212.85 -21212.85 191.79 1823.09
21.00 5.00 -21212.85 -21346.48 191.79 1823.09
22.00 6.00 -21201.74 -21201.74 196.03 1854.03
23.00 6.00 -21201.74 -21394.97 196.03 1854.03
24.00 6.00 -21201.74 -21220.77 196.03 1854.03
25.00 6.00 -21201.74 -21295.04 196.03 1854.03
26.00 6.00 -21201.74 -22781.88 196.03 1854.03
27.00 7.00 -21201.74 -21201.74 196.03 1854.03
28.00 7.00 -21201.74 -21246.43 196.03 1854.03
29.00 7.00 -21201.74 -21281.64 196.03 1854.03
30.00 8.00 -21180.19 -21180.19 192.54 1782.94
31.00 9.00 -21158.90 -21158.90 189.45 1744.03
32.00 9.00 -21158.90 -21285.47 189.45 1744.03
33.00 9.00 -21158.90 -21382.65 189.45 1744.03
34.00 10.00 -21145.70 -21145.70 190.40 1765.12
35.00 10.00 -21145.70 -21214.96 190.40 1765.12
36.00 10.00 -21145.70 -21158.90 190.40 1765.12
37.00 10.00 -21145.70 -21509.45 190.40 1765.12
38.00 10.00 -21145.70 -21242.47 190.40 1765.12
39.00 10.00 -21145.70 -21256.79 190.40 1765.12
40.00 10.00 -21145.70 -21220.98 190.40 1765.12
41.00 10.00 -21145.70 -21244.17 190.40 1765.12
42.00 10.00 -21145.70 -21227.28 190.40 1765.12
43.00 10.00 -21145.70 -21299.79 190.40 1765.12
44.00 10.00 -21145.70 -21280.66 190.40 1765.12
45.00 10.00 -21145.70 -21467.35 190.40 1765.12
46.00 10.00 -21145.70 -21275.96 190.40 1765.12
47.00 10.00 -21145.70 -21360.14 190.40 1765.12
48.00 10.00 -21145.70 -21421.56 190.40 1765.12
49.00 10.00 -21145.70 -21228.80 190.40 1765.12
50.00 10.00 -21145.70 -21232.59 190.40 1765.12
51.00 10.00 -21145.70 -21232.59 190.40 1765.12
52.00 10.00 -21145.70 -21285.61 190.40 1765.12
53.00 10.00 -21145.70 -21309.15 190.40 1765.12
54.00 10.00 -21145.70 -21201.74 190.40 1765.12
55.00 10.00 -21145.70 -21301.49 190.40 1765.12
56.00 10.00 -21145.70 -22875.68 190.40 1765.12
57.00 11.00 -21070.52 -21070.52 193.16 1794.02
58.00 11.00 -21070.52 -21244.54 193.16 1794.02
59.00 11.00 -21070.52 -21308.85 193.16 1794.02
60.00 11.00 -21070.52 -21254.84 193.16 1794.02
61.00 11.00 -21070.52 -21221.04 193.16 1794.02
62.00 11.00 -21070.52 -21136.80 193.16 1794.02
63.00 11.00 -21070.52 -21328.38 193.16 1794.02
