0.00 0.00 -14058.07 -15036.05 1.00 1.00
1.00 0.00 -14058.07 -14203.13 1.00 1.00
2.00 0.00 -14058.07 -15028.27 1.00 1.00
3.00 1.00 -14011.58 -14011.58 192.83 1811.44
4.00 1.00 -14011.58 -14090.05 192.83 1811.44
5.00 1.00 -14011.58 -14064.27 192.83 1811.44
6.00 1.00 -14011.58 -15032.46 192.83 1811.44
7.00 1.00 -14011.58 -14030.53 192.83 1811.44
8.00 1.00 -14011.58 -14119.08 192.83 1811.44
9.00 1.00 -14011.58 -14063.90 192.83 1811.44
10.00 1.00 -14011.58 -14020.51 192.83 1811.44
11.00 1.00 -14011.58 -14086.22 192.83 1811.44
12.00 2.00 -14000.73 -14000.73 193.35 1836.07
13.00 2.00 -14000.73 -14143.39 193.35 1836.07
14.00 2.00 -14000.73 -14079.73 193.35 1836.07
15.00 2.00 -14000.73 -14042.67 193.35 1836.07
16.00 2.00 -14000.73 -14105.40 193.35 1836.07
17.00 3.00 -13997.14 -13997.14 190.74 1761.83
18.00 3.00 -13997.14 -14043.29 190.74 1761.83
19.00 3.00 -13997.14 -14196.89 190.74 1761.83
20.00 3.00 -13997.14 -13997.92 190.74 1761.83
21.00 3.00 -13997.14 -14985.95 190.74 1761.83
22.00 3.00 -13997.14 -14057.05 190.74 1761.83
23.00 3.00 -21306.50 -22710.72 190.74 1761.83
24.00 3.00 -21306.50 -21336.21 190.74 1761.83
25.00 4.00 -21264.81 -21264.81 189.38 1740.69
26.00 5.00 -21254.69 -21254.69 192.74 1814.52
27.00 5.00 -21254.69 -21273.53 192.74 1814.52
28.00 6.00 -21254.69 -21254.69 192.74 1814.52
29.00 7.00 -21254.69 -21254.69 192.74 1814.52
30.00 7.00 -21254.69 -21464.60 192.74 1814.52
31.00 7.00 -21254.69 -21380.97 192.74 1814.52
32.00 7.00 -21254.69 -21332.34 192.74 1814.52
33.00 8.00 -21254.78 -21254.78 192.77 1834.43
34.00 8.00 -21254.78 -21344.27 192.77 1834.43
35.00 9.00 -21223.80 -21223.80 191.13 1764.41
36.00 9.00 -21223.80 -21230.45 191.13 1764.41
37.00 9.00 -21223.80 -21273.71 191.13 1764.41
38.00 9.00 -21223.80 -21230.45 191.13 1764.41
39.00 10.00 -21092.86 -21092.86 193.73 1822.37
40.00 10.00 -21092.86 -21279.01 193.73 1822.37
41.00 10.00 -21092.86 -21250.08 193.73 1822.37
42.00 10.00 -21092.86 -21265.41 193.73 1822.37
43.00 10.00 -21092.86 -21321.35 193.73 1822.37
44.00 11.00 -21092.86 -21092.86 193.73 1822.37
45.00 11.00 -21092.86 -21500.65 193.73 1822.37
46.00 11.00 -21092.86 -21445.96 193.73 1822.37
47.00 11.00 -21092.86 -21415.40 193.73 1822.37
48.00 11.00 -21092.86 -21223.80 193.73 1822.37
49.00 11.00 -21092.86 -21261.14 193.73 1822.37
50.00 11.00 -21092.86 -21400.79 193.73 1822.37
51.00 11.00 -21092.86 -21433.64 193.73 1822.37
52.00 11.00 -21092.86 -21350.09 193.73 1822.37
53.00 11.00 -21092.86 -21281.23 193.73 1822.37
54.00 11.00 -21092.86 -21381.94 193.73 1822.37
55.00 11.00 -21092.86 -21166.75 193.73 1822.37
56.00 11.00 -21092.86 -21262.57 193.73 1822.37
57.00 12.00 -21092.86 -21092.86 193.73 1822.37
58.00 12.00 -21092.86 -21317.53 193.73 1822.37
59.00 12.00 -21092.86 -22585.50 193.73 1822.37
60.00 12.00 -21092.86 -21223.80 193.73 1822.37
61.00 12.00 -21092.86 -21315.41 193.73 1822.37
62.00 12.00 -21092.86 -22623.15 193.73 1822.37
63.00 12.00 -21092.86 -21299.04 193.73 1822.37
