0.00 1.00 -18300.63 -18300.63 188.21 1767.80
1.00 1.00 -18300.63 -19682.84 188.21 1767.80
2.00 1.00 -18300.63 -18318.60 188.21 1767.80
3.00 2.00 -18229.15 -18229.15 192.01 1772.25
4.00 2.00 -18229.15 -18278.55 192.01 1772.25
5.00 2.00 -18229.15 -18392.28 192.01 1772.25
6.00 2.00 -18229.15 -18266.44 192.01 1772.25
7.00 2.00 -18229.15 -18253.59 192.01 1772.25
8.00 2.00 -18229.15 -18402.55 192.01 1772.25
9.00 2.00 -18229.15 -18350.03 192.01 1772.25
10.00 2.00 -18229.15 -19581.71 192.01 1772.25
11.00 2.00 -18229.15 -18342.17 192.01 1772.25
12.00 2.00 -18229.15 -18314.93 192.01 1772.25
13.00 2.00 -18229.15 -18278.68 192.01 1772.25
14.00 2.00 -18229.15 -18391.08 192.01 1772.25
15.00 2.00 -18229.15 -18264.24 192.01 1772.25
16.00 2.00 -18229.15 -18399.75 192.01 1772.25
17.00 2.00 -18229.15 -18351.72 192.01 1772.25
18.00 2.00 -18229.15 -18302.50 192.01 1772.25
19.00 2.00 -18229.15 -18332.75 192.01 1772.25
20.00 2.00 -18229.15 -18384.41 192.01 1772.25
21.00 2.00 -18229.15 -18347.82 192.01 1772.25
22.00 2.00 -18229.15 -18328.58 192.01 1772.25
23.00 2.00 -21040.69 -21103.05 192.01 1772.25
24.00 2.00 -21040.69 -21073.50 192.01 1772.25
25.00 2.00 -21040.69 -21129.26 192.01 1772.25
26.00 2.00 -21040.69 -21127.98 192.01 1772.25
27.00 3.00 -21028.28 -21028.28 188.87 1794.29
28.00 4.00 -20980.78 -20980.78 189.96 1771.11
29.00 4.00 -20980.78 -21212.87 189.96 1771.11
30.00 4.00 -20980.78 -21158.67 189.96 1771.11
31.00 4.00 -20980.78 -21174.14 189.96 1771.11
32.00 4.00 -20980.78 -21042.36 189.96 1771.11
33.00 4.00 -20980.78 -22518.56 189.96 1771.11
34.00 4.00 -20980.78 -21093.91 189.96 1771.11
35.00 4.00 -20980.78 -21093.91 189.96 1771.11
36.00 4.00 -20980.78 -21080.75 189.96 1771.11
37.00 5.00 -20969.90 -20969.90 192.20 1763.51
38.00 5.00 -20969.90 -21049.70 192.20 1763.51
39.00 5.00 -20969.90 -21199.45 192.20 1763.51
40.00 5.00 -20969.90 -21102.83 192.20 1763.51
41.00 5.00 -20969.90 -21093.91 192.20 1763.51
42.00 5.00 -20969.90 -21037.13 192.20 1763.51
43.00 5.00 -20969.90 -21030.91 192.20 1763.51
44.00 5.00 -20969.90 -21041.15 192.20 1763.51
45.00 5.00 -20969.90 -21093.91 192.20 1763.51
46.00 5.00 -20969.90 -21180.18 192.20 1763.51
47.00 5.00 -20969.90 -21071.59 192.20 1763.51
48.00 5.00 -20969.90 -21148.49 192.20 1763.51
49.00 5.00 -20969.90 -22621.71 192.20 1763.51
50.00 5.00 -20969.90 -21050.02 192.20 1763.51
51.00 5.00 -20969.90 -21161.21 192.20 1763.51
52.00 5.00 -20969.90 -20997.70 192.20 1763.51
53.00 5.00 -20969.90 -21051.82 192.20 1763.51
54.00 6.00 -20900.98 -20900.98 192.20 1829.89
55.00 6.00 -20900.98 -21131.28 192.20 1829.89
56.00 6.00 -20900.98 -21061.95 192.20 1829.89
57.00 6.00 -20900.98 -20927.60 192.20 1829.89
58.00 6.00 -20900.98 -21093.91 192.20 1829.89
59.00 7.00 -20882.10 -20882.10 191.19 1757.08
60.00 7.00 -20882.10 -21059.43 191.19 1757.08
61.00 7.00 -20882.10 -21087.98 191.19 1757.08
62.00 7.00 -20882.10 -22558.93 191.19 1757.08
63.00 7.00 -20882.10 -22465.64 191.19 1757.08
