0.00 0.00 -16803.10 -17055.60 1.00 1.00
1.00 1.00 -15917.37 -15917.37 193.45 1773.76
2.00 1.00 -15917.37 -15961.74 193.45 1773.76
3.00 1.00 -15917.37 -16912.83 193.45 1773.76
4.00 2.00 -15887.62 -15887.62 190.60 1738.13
5.00 2.00 -15887.62 -17113.07 190.60 1738.13
6.00 3.00 -15848.87 -15848.87 192.79 1774.80
7.00 3.00 -15848.87 -15896.35 192.79 1774.80
8.00 3.00 -15848.87 -16003.97 192.79 1774.80
9.00 3.00 -15848.87 -17129.69 192.79 1774.80
10.00 4.00 -15825.39 -15825.39 191.75 1719.68
11.00 4.00 -15825.39 -15916.32 191.75 1719.68
12.00 4.00 -15825.39 -15862.11 191.75 1719.68
13.00 4.00 -15825.39 -15955.37 191.75 1719.68
14.00 5.00 -15801.36 -15801.36 193.05 1782.60
15.00 5.00 -15801.36 -15847.57 193.05 1782.60
16.00 5.00 -15801.36 -15892.10 193.05 1782.60
17.00 5.00 -15801.36 -15848.87 193.05 1782.60
18.00 5.00 -15801.36 -15838.00 193.05 1782.60
19.00 5.00 -15801.36 -15925.76 193.05 1782.60
20.00 5.00 -15801.36 -15915.86 193.05 1782.60
21.00 6.00 -15801.36 -15801.36 193.05 1782.60
22.00 7.00 -15794.64 -15794.64 192.81 1770.58
23.00 7.00 -20841.15 -21007.12 192.81 1770.58
24.00 7.00 -20841.15 -20895.88 192.81 1770.58
25.00 7.00 -20841.15 -21046.87 192.81 1770.58
26.00 7.00 -20841.15 -20954.77 192.81 1770.58
27.00 7.00 -20841.15 -20992.76 192.81 1770.58
28.00 7.00 -20841.15 -21034.11 192.81 1770.58
29.00 7.00 -20841.15 -21033.02 192.81 1770.58
30.00 7.00 -20841.15 -21098.72 192.81 1770.58
31.00 7.00 -20841.15 -21040.86 192.81 1770.58
32.00 7.00 -20841.15 -21001.89 192.81 1770.58
33.00 8.00 -20829.79 -20829.79 191.60 1731.43
34.00 9.00 -20777.93 -20777.93 196.21 1859.57
35.00 9.00 -20777.93 -21005.36 196.21 1859.57
36.00 10.00 -20726.57 -20726.57 194.13 1797.04
37.00 10.00 -20726.57 -21079.12 194.13 1797.04
38.00 10.00 -20726.57 -21022.54 194.13 1797.04
39.00 10.00 -20726.57 -21027.16 194.13 1797.04
40.00 10.00 -20726.57 -20922.73 194.13 1797.04
41.00 10.00 -20726.57 -21001.95 194.13 1797.04
42.00 10.00 -20726.57 -20960.16 194.13 1797.04
43.00 10.00 -20726.57 -20995.60 194.13 1797.04
44.00 10.00 -20726.57 -21087.37 194.13 1797.04
45.00 10.00 -20726.57 -21006.02 194.13 1797.04
46.00 10.00 -20726.57 -22307.79 194.13 1797.04
47.00 10.00 -20726.57 -20957.82 194.13 1797.04
48.00 10.00 -20726.57 -22384.16 194.13 1797.04
49.00 10.00 -20726.57 -20955.47 194.13 1797.04
50.00 10.00 -20726.57 -21005.59 194.13 1797.04
51.00 10.00 -20726.57 -21026.46 194.13 1797.04
52.00 10.00 -20726.57 -22486.00 194.13 1797.04
53.00 10.00 -20726.57 -20899.37 194.13 1797.04
54.00 10.00 -20726.57 -21052.32 194.13 1797.04
55.00 10.00 -20726.57 -20988.97 194.13 1797.04
56.00 10.00 -20726.57 -20923.20 194.13 1797.04
57.00 10.00 -20726.57 -20942.55 194.13 1797.04
58.00 10.00 -20726.57 -20933.83 194.13 1797.04
59.00 10.00 -20726.57 -20934.41 194.13 1797.04
60.00 10.00 -20726.57 -22397.35 194.13 1797.04
61.00 10.00 -20726.57 -21125.42 194.13 1797.04
62.00 10.00 -20726.57 -21045.31 194.13 1797.04
63.00 10.00 -20726.57 -20983.99 194.13 1797.04
