0.00 1.00 -12058.16 -12058.16 190.79 1728.00
1.00 1.00 -12058.16 -12887.87 190.79 1728.00
2.00 1.00 -12058.16 -12819.21 190.79 1728.00
3.00 1.00 -12058.16 -12059.75 190.79 1728.00
4.00 1.00 -12058.16 -12838.07 190.79 1728.00
5.00 2.00 -12028.92 -12028.92 192.77 1753.08
6.00 2.00 -12028.92 -12042.14 192.77 1753.08
7.00 2.00 -12028.92 -12046.50 192.77 1753.08
8.00 2.00 -12028.92 -12064.99 192.77 1753.08
9.00 2.00 -12028.92 -12095.06 192.77 1753.08
10.00 3.00 -11987.33 -11987.33 190.57 1710.34
11.00 3.00 -11987.33 -12005.85 190.57 1710.34
12.00 3.00 -11987.33 -12082.34 190.57 1710.34
13.00 3.00 -11987.33 -12084.25 190.57 1710.34
14.00 3.00 -11987.33 -12014.83 190.57 1710.34
15.00 3.00 -11987.33 -12068.87 190.57 1710.34
16.00 3.00 -11987.33 -12853.20 190.57 1710.34
17.00 3.00 -11987.33 -12898.02 190.57 1710.34
18.00 3.00 -11987.33 -12071.46 190.57 1710.34
19.00 3.00 -11987.33 -12004.22 190.57 1710.34
20.00 3.00 -11987.33 -12034.92 190.57 1710.34
21.00 3.00 -11987.33 -12038.48 190.57 1710.34
22.00 3.00 -11987.33 -12024.96 190.57 1710.34
23.00 3.00 -20909.98 -20971.51 190.57 1710.34
24.00 3.00 -20909.98 -21011.93 190.57 1710.34
25.00 3.00 -20909.98 -20958.42 190.57 1710.34
26.00 3.00 -20909.98 -20995.25 190.57 1710.34
27.00 3.00 -20909.98 -21109.90 190.57 1710.34
28.00 4.00 -20871.16 -20871.16 192.13 1735.06
29.00 4.00 -20871.16 -20962.68 192.13 1735.06
30.00 4.00 -20871.16 -20936.14 192.13 1735.06
31.00 4.00 -20871.16 -21018.27 192.13 1735.06
32.00 4.00 -20871.16 -20928.87 192.13 1735.06
33.00 4.00 -20871.16 -20930.17 192.13 1735.06
34.00 4.00 -20871.16 -20885.62 192.13 1735.06
35.00 4.00 -20871.16 -20923.18 192.13 1735.06
36.00 4.00 -20871.16 -20967.11 192.13 1735.06
37.00 4.00 -20871.16 -20986.69 192.13 1735.06
38.00 4.00 -20871.16 -20889.36 192.13 1735.06
39.00 4.00 -20871.16 -21081.39 192.13 1735.06
40.00 4.00 -20871.16 -20945.98 192.13 1735.06
41.00 4.00 -20871.16 -22359.49 192.13 1735.06
42.00 4.00 -20871.16 -21009.80 192.13 1735.06
43.00 4.00 -20871.16 -20973.75 192.13 1735.06
44.00 4.00 -20871.16 -21025.76 192.13 1735.06
45.00 4.00 -20871.16 -22470.73 192.13 1735.06
46.00 4.00 -20871.16 -20957.56 192.13 1735.06
47.00 4.00 -20871.16 -21004.41 192.13 1735.06
48.00 4.00 -20871.16 -20919.80 192.13 1735.06
49.00 4.00 -20871.16 -20919.80 192.13 1735.06
50.00 4.00 -20871.16 -21068.43 192.13 1735.06
51.00 5.00 -20864.20 -20864.20 192.31 1750.38
52.00 5.00 -20864.20 -20998.69 192.31 1750.38
53.00 5.00 -20864.20 -20944.90 192.31 1750.38
54.00 5.00 -20864.20 -20970.68 192.31 1750.38
55.00 5.00 -20864.20 -21009.80 192.31 1750.38
56.00 5.00 -20864.20 -22377.56 192.31 1750.38
57.00 5.00 -20864.20 -22451.85 192.31 1750.38
58.00 5.00 -20864.20 -21014.32 192.31 1750.38
59.00 5.00 -20864.20 -21025.44 192.31 1750.38
60.00 5.00 -20864.20 -20966.55 192.31 1750.38
61.00 5.00 -20864.20 -21044.66 192.31 1750.38
62.00 6.00 -20850.64 -20850.64 193.28 1767.40
63.00 6.00 -20850.64 -22327.35 193.28 1767.40
