0.00 0.00 -10622.09 -11310.42 1.00 1.00
1.00 1.00 -10621.60 -10621.60 190.44 1778.05
2.00 1.00 -10621.60 -10644.21 190.44 1778.05
3.00 1.00 -10621.60 -11332.05 190.44 1778.05
4.00 1.00 -10621.60 -11274.63 190.44 1778.05
5.00 2.00 -10587.11 -10587.11 190.95 1836.48
6.00 2.00 -10587.11 -10622.81 190.95 1836.48
7.00 2.00 -10587.11 -10687.22 190.95 1836.48
8.00 2.00 -10587.11 -10594.64 190.95 1836.48
9.00 2.00 -10587.11 -10627.07 190.95 1836.48
10.00 2.00 -10587.11 -10716.81 190.95 1836.48
11.00 2.00 -10587.11 -10621.60 190.95 1836.48
12.00 2.00 -10587.11 -10679.41 190.95 1836.48
13.00 2.00 -10587.11 -10616.89 190.95 1836.48
14.00 3.00 -10542.91 -10542.91 191.99 1758.48
15.00 3.00 -10542.91 -10623.01 191.99 1758.48
16.00 3.00 -10542.91 -10645.01 191.99 1758.48
17.00 3.00 -10542.91 -10594.28 191.99 1758.48
18.00 3.00 -10542.91 -10603.27 191.99 1758.48
19.00 3.00 -10542.91 -10617.23 191.99 1758.48
20.00 3.00 -10542.91 -10576.00 191.99 1758.48
21.00 3.00 -10542.91 -10555.50 191.99 1758.48
22.00 3.00 -10542.91 -10622.57 191.99 1758.48
23.00 3.00 -21245.13 -21253.90 191.99 1758.48
24.00 3.00 -21245.13 -21331.98 191.99 1758.48
25.00 4.00 -21234.57 -21234.57 190.26 1827.20
26.00 4.00 -21234.57 -21355.49 190.26 1827.20
27.00 4.00 -21234.57 -21340.82 190.26 1827.20
28.00 5.00 -21166.10 -21166.10 190.10 1810.65
29.00 5.00 -21166.10 -21266.39 190.10 1810.65
30.00 5.00 -21166.10 -21262.59 190.10 1810.65
31.00 5.00 -21166.10 -21205.16 190.10 1810.65
32.00 6.00 -21078.74 -21078.74 189.57 1775.36
33.00 7.00 -21078.74 -21078.74 189.57 1775.36
34.00 7.00 -21078.74 -21252.03 189.57 1775.36
35.00 7.00 -21078.74 -21251.39 189.57 1775.36
36.00 7.00 -21078.74 -21244.79 189.57 1775.36
37.00 7.00 -21078.74 -21222.71 189.57 1775.36
38.00 7.00 -21078.74 -21190.11 189.57 1775.36
39.00 7.00 -21078.74 -21179.45 189.57 1775.36
40.00 7.00 -21078.74 -21292.40 189.57 1775.36
41.00 7.00 -21078.74 -21292.40 189.57 1775.36
42.00 7.00 -21078.74 -21135.01 189.57 1775.36
43.00 7.00 -21078.74 -21258.33 189.57 1775.36
44.00 7.00 -21078.74 -21340.38 189.57 1775.36
45.00 7.00 -21078.74 -21137.62 189.57 1775.36
46.00 7.00 -21078.74 -21295.39 189.57 1775.36
47.00 7.00 -21078.74 -21384.52 189.57 1775.36
48.00 7.00 -21078.74 -21259.28 189.57 1775.36
49.00 7.00 -21078.74 -21184.00 189.57 1775.36
50.00 7.00 -21078.74 -21162.07 189.57 1775.36
51.00 7.00 -21078.74 -21278.75 189.57 1775.36
52.00 7.00 -21078.74 -21338.46 189.57 1775.36
53.00 7.00 -21078.74 -21296.47 189.57 1775.36
54.00 7.00 -21078.74 -21242.91 189.57 1775.36
55.00 7.00 -21078.74 -21313.87 189.57 1775.36
56.00 7.00 -21078.74 -21215.70 189.57 1775.36
57.00 7.00 -21078.74 -21235.10 189.57 1775.36
58.00 7.00 -21078.74 -22860.15 189.57 1775.36
59.00 7.00 -21078.74 -22670.14 189.57 1775.36
60.00 7.00 -21078.74 -21292.40 189.57 1775.36
61.00 7.00 -21078.74 -21175.20 189.57 1775.36
62.00 7.00 -21078.74 -21256.57 189.57 1775.36
63.00 7.00 -21078.74 -21238.40 189.57 1775.36
