-36851.79
-34186.81
-37933.93
-38297.97
-38176.20
-35430.12
-35169.89
-34603.18
-35407.86
-37710.79
-35387.09
-35955.21
-35483.23
-35822.57
-38122.77
-38042.12
-34236.54
-34366.91
-33841.82
-34349.03
-34840.33
-47695.32
-47549.42
-46729.13
-44755.49
-44355.67
-47053.90
-45264.49
-47021.04
-48590.27
-47509.87
-46843.06
-47606.09
-47399.56
-46381.69
-46815.47
-47140.13
-48578.43
-47220.02
-48819.55
-46680.43
-47601.22
-48248.70
-47504.66
-46032.52
-45131.98
-47622.96
-47951.66
-47356.74
-46813.78
-47785.86
-46338.24
-46947.35
-48332.51
-45400.19
-46947.52
-47344.61
-48518.24
-46830.63
-46771.24
-45582.14
