-34483.18
-34987.88
-32156.71
-34687.54
-31342.08
-33342.58
-32357.97
-32659.32
-32655.23
-32373.85
-34310.13
-31891.04
-32714.53
-32580.59
-30892.78
-31648.01
-30281.76
-31349.10
-32503.09
-32196.77
-32801.08
-47069.10
-47168.93
-46056.41
-46034.20
-45712.42
-48424.58
-47920.67
-47646.17
-47455.19
-47621.13
-47643.33
-45189.15
-45419.41
-47106.11
-47701.41
-47402.84
-48567.69
-47833.50
-47147.23
-45380.76
-48801.99
-47780.73
-45917.65
-47102.25
-48064.49
-47410.22
-47546.49
-46721.47
-46823.70
-48093.29
-50272.32
-46709.11
-46337.91
-45767.16
-45485.02
-45955.38
-46417.22
-44762.01
-45336.28
-49467.93
