-29433.39
-27534.28
-27835.46
-28379.99
-27189.63
-26290.50
-27752.61
-26502.50
-25904.89
-25700.10
-26227.79
-26241.87
-24614.43
-25273.47
-26773.84
-26783.45
-25628.62
-25396.24
-28323.56
-26555.87
-25302.42
-45112.42
-47149.05
-47424.32
-47185.02
-47367.36
-47638.59
-47526.92
-45959.88
-45436.70
-46840.30
-46560.58
-47178.68
-47927.85
-48047.60
-47760.63
-47178.08
-47708.87
-48137.74
-45720.70
-47652.39
-49553.97
-47051.54
-48043.67
-45637.36
-45814.55
-47080.97
-50354.10
-45957.45
-45391.55
-47616.45
-49605.98
-46575.76
-45929.79
-47409.67
-50625.55
-46091.74
-46779.06
-48124.43
-47599.54
-47322.83
