-42753.83
-45799.51
-47670.96
-48272.76
-45082.25
-44390.21
-44033.86
-40066.52
-41742.28
-41657.38
-42859.27
-44112.23
-41617.35
-42651.97
-43352.11
-43594.79
-44403.17
-42989.50
-45891.09
-45125.73
-43919.77
-46632.88
-49164.35
-47294.15
-46610.47
-44958.59
-47726.33
-48629.89
-43466.01
-43802.54
-49055.96
-45956.28
-46423.64
-46351.81
-46406.76
-46046.44
-44570.10
-44475.51
-45867.56
-45858.23
-45753.14
-48871.96
-45413.64
-45777.59
-45997.10
-46378.52
-45513.55
-43625.33
-46879.27
-45507.45
-44573.82
-45810.60
-47379.01
-47413.16
-45864.43
-45310.57
-44930.02
-43494.78
-47338.33
-46652.75
-48280.41
