-31523.26
-29180.91
-30631.18
-32059.19
-29323.55
-29384.52
-28972.19
-29374.63
-29441.04
-30567.54
-29940.24
-27381.62
-27758.93
-27541.55
-28050.40
-28267.30
-29266.37
-28796.24
-27540.77
-27558.38
-28841.17
-46738.01
-45500.79
-43767.21
-46445.26
-45641.52
-48291.57
-47863.92
-48014.07
-47730.46
-46426.66
-45813.52
-47280.92
-48026.34
-47293.51
-47919.97
-47365.18
-48729.05
-46042.83
-46925.62
-49265.90
-48915.10
-48385.03
-47823.21
-48356.17
-48631.27
-47654.23
-49383.44
-47718.07
-47976.52
-45130.70
-44869.93
-44667.36
-45277.78
-44940.16
-45651.57
-44928.55
-45423.25
-47506.27
-46422.70
-47808.47
