-43293.05
-39787.47
-40799.53
-38971.74
-42485.58
-38138.92
-37846.89
-37879.38
-40307.10
-41321.99
-39048.45
-40560.65
-39787.77
-39931.48
-39695.54
-39045.15
-40023.37
-39305.73
-38716.64
-38699.23
-37799.42
-46610.54
-45694.44
-44661.19
-48688.08
-47955.79
-44977.93
-45359.11
-46085.41
-48832.87
-46370.93
-48986.53
-45962.55
-47859.08
-44792.59
-44474.42
-46327.39
-46225.04
-46448.42
-46994.03
-44175.56
-44394.42
-44011.18
-44501.45
-44940.25
-44103.81
-45302.12
-46849.97
-47476.87
-45859.74
-48018.08
-47253.83
-45550.78
-45738.72
-47941.14
-49069.19
-48436.51
-46998.92
-47899.44
-47535.83
-45623.67
