-47901.71
-51741.63
-46880.17
-48715.91
-51838.41
-46418.74
-47707.76
-47880.78
-45394.61
-48258.23
-46284.20
-45780.58
-45732.34
-45351.52
-47182.10
-49522.62
-46938.55
-48155.63
-49371.20
-47808.24
-48382.25
-48218.89
-47969.96
-47698.15
-49251.07
-47795.42
-46145.72
-46622.74
-46785.57
-46220.11
-44907.17
-44798.60
-44659.72
-45286.11
-45259.89
-48711.47
-46693.21
-46908.53
-45759.00
-45590.48
-44824.28
-46415.61
-48237.39
-46732.06
-45995.65
-46083.92
-46335.01
-47323.24
-44275.88
-45149.43
-45671.03
-47031.03
-45127.42
-44322.96
-47735.33
-47014.50
-47919.53
-47158.77
-44532.03
-44925.96
-46335.42
