-23762.89
-24870.12
-25311.51
-26369.01
-26337.99
-24803.79
-24908.00
-23755.37
-23571.95
-23869.43
-22048.92
-22757.25
-24024.30
-23674.77
-22829.57
-22457.44
-22923.69
-23899.79
-23687.23
-24296.38
-23595.88
-48191.63
-47464.15
-47905.73
-47514.66
-48386.36
-45599.46
-45598.38
-49523.53
-45698.93
-48099.40
-47708.31
-47951.66
-48942.77
-46508.01
-48191.34
-46911.03
-47553.70
-48041.52
-48246.63
-45340.43
-45696.69
-46572.67
-45645.83
-47953.11
-47873.38
-45676.87
-45385.70
-48293.28
-47453.05
-46138.25
-46012.75
-48091.61
-47524.07
-45436.15
-48345.37
-48448.14
-47973.47
-47792.23
-47590.02
-45119.04
