405.2
782.0
1523.1
576.6
757.0
647.3
743.3
1536.5
1533.5
1533.0
1599.8
1558.5
1517.4
381.0
138.0
392.0
385.0
378.0
1536.5
598.4
582.0
318.0
347.0
221.0
199.0
283.0
329.0
117.0
161.0
52.0
101.0
-17.0
323.0
851.6
667.4
54.0
808.4
894.4
123.0
233.0
97.0
82.0
297.0
187.0
390.0
145.0
95.0
531.1
275.0
1322.0
44.0
703.8
433.0
429.0
407.0
429.0
225.0
324.0
189.0
418.0
618.0
158.0
222.0
233.0
401.9
353.0
182.8
-3816.0
223.0
323.9
1576.7
870.4
1332.0
976.0
255.0
576.8
286.1
576.0
233.0
321.0
459.0
758.1
1481.1
586.6
591.1
675.4
247.0
250.0
414.0
371.0
897.0
1070.0
1963.0
1524.1
1555.5
