-11171.37000 -14726.82000 -16971.76000 -22386.76000 -19501.63000 -28804.65000
-11299.73000 -14741.54000 -16833.08000 -22292.59000 -43626.16000 -28829.20000
-11179.74000 -33026.59000 -37985.96000 -50115.14000 -43649.29000 -28774.02000
-11148.78000 -14791.55000 -17028.62000 -50105.11000 -43635.27000 -28748.62000
-25077.09000 -33105.09000 -16949.91000 -22554.97000 -19465.17000 -12807.51000
-11157.96000 -33057.46000 -38023.25000 -22435.48000 -19471.73000 -12899.54000
-25059.44000 -14873.12000 -16879.91000 -22407.14000 -19441.36000 -12857.30000
-11257.88000 -14802.25000 -38060.04000 -22428.37000 -19456.94000 -12885.07000
-11178.82000 -14704.39000 -17069.30000 -22427.84000 -43650.44000 -28787.82000
-11187.14000 -14659.49000 -16932.23000 -22332.26000 -19507.28000 -12926.66000
-11214.82000 -33051.35000 -16929.83000 -50161.27000 -19730.12000 -12890.88000
-11150.31000 -33046.97000 -17013.39000 -50113.00000 -19412.56000 -12791.63000
