9.349962543055556630e-01
1.026782755416666637e+00
1.050235630277777776e+00
1.069413205138888934e+00
2.657777777777778636e-06
5.735728949999998605e-01
1.089710245277777378e+00
2.483557798611111533e-01
1.743753888888888853e-02
2.403561597222219834e-02
2.685493337499998967e-01
5.185050460138890926e+00
2.339552020136723877e+04
1.198088879694443776e+01
7.401900222222222714e-02
4.741119159319440968e+01
-9.161572222222198096e-04
-4.352659236111111607e-02
5.844858500000003898e-02
-1.935774347222220942e-02
-3.031583847222222780e-02
9.171555555553283679e-05
8.927376125000001383e-02
1.049144805555555365e-02
-8.393341513888884220e-02
1.617962420833333193e-01
3.812303611111055382e-03
-2.048223231944444611e-01
1.084633184722220839e-01
6.030099416666669099e-02
2.948450365277779928e-01
-4.397097013888891931e-02
7.761643833333331521e-02
1.187692705555555839e-01
-4.393229569444449117e-02
2.496720354166667155e-01
-7.305533208333331308e-02
2.716350525000000848e-01
2.592271275000000430e-01
-2.739046138888888426e-02
-2.036403205555554763e-01
-1.189776668055553960e-01
2.031904226388889234e-01
-5.675038861111111194e-02
2.661048236111115614e-02
9.503794027777755227e-02
1.096808961111112452e-01
1.929886355555555932e-01
1.723290186111111622e-01
-1.838424309722222205e-01
-2.767717940277780175e-01
