1.924199999999999875e+02
1.924199999999999875e+02
1.924199999999999875e+02
1.918100000000000023e+02
1.918100000000000023e+02
1.918100000000000023e+02
1.918100000000000023e+02
1.918100000000000023e+02
1.918100000000000023e+02
1.918100000000000023e+02
1.918100000000000023e+02
1.918100000000000023e+02
1.941200000000000045e+02
1.941200000000000045e+02
1.941200000000000045e+02
1.941200000000000045e+02
1.941200000000000045e+02
1.941200000000000045e+02
1.941200000000000045e+02
1.941200000000000045e+02
1.914399999999999977e+02
1.966100000000000136e+02
1.966100000000000136e+02
1.966100000000000136e+02
1.878199999999999932e+02
1.944300000000000068e+02
1.944300000000000068e+02
1.944300000000000068e+02
1.944300000000000068e+02
1.944300000000000068e+02
1.944300000000000068e+02
1.944300000000000068e+02
1.944300000000000068e+02
1.944300000000000068e+02
1.944300000000000068e+02
1.944300000000000068e+02
1.909499999999999886e+02
1.906299999999999955e+02
1.906299999999999955e+02
1.906299999999999955e+02
1.906299999999999955e+02
1.906299999999999955e+02
1.906299999999999955e+02
1.906299999999999955e+02
1.906299999999999955e+02
1.906299999999999955e+02
1.906299999999999955e+02
1.906299999999999955e+02
1.917199999999999989e+02
1.917199999999999989e+02
1.917199999999999989e+02
1.917199999999999989e+02
1.922800000000000011e+02
1.922800000000000011e+02
1.919699999999999989e+02
1.919699999999999989e+02
1.919699999999999989e+02
1.919699999999999989e+02
1.919699999999999989e+02
1.919799999999999898e+02
1.000000000000000000e+00
1.000000000000000000e+00
1.000000000000000000e+00
1.000000000000000000e+00
1.919799999999999898e+02
1.919799999999999898e+02
1.919799999999999898e+02
1.919799999999999898e+02
1.919799999999999898e+02
1.919799999999999898e+02
1.919799999999999898e+02
1.935000000000000000e+02
