1.829380000000000109e+03
1.829380000000000109e+03
1.829380000000000109e+03
1.847029999999999973e+03
1.847029999999999973e+03
1.847029999999999973e+03
1.847029999999999973e+03
1.847029999999999973e+03
1.847029999999999973e+03
1.847029999999999973e+03
1.847029999999999973e+03
1.847029999999999973e+03
1.922880000000000109e+03
1.922880000000000109e+03
1.922880000000000109e+03
1.922880000000000109e+03
1.922880000000000109e+03
1.922880000000000109e+03
1.922880000000000109e+03
1.922880000000000109e+03
1.828220000000000027e+03
1.947220000000000027e+03
1.947220000000000027e+03
1.947220000000000027e+03
1.811680000000000064e+03
1.893210000000000036e+03
1.893210000000000036e+03
1.893210000000000036e+03
1.893210000000000036e+03
1.893210000000000036e+03
1.893210000000000036e+03
1.893210000000000036e+03
1.893210000000000036e+03
1.893210000000000036e+03
1.893210000000000036e+03
1.893210000000000036e+03
1.811980000000000018e+03
1.828059999999999945e+03
1.828059999999999945e+03
1.828059999999999945e+03
1.828059999999999945e+03
1.828059999999999945e+03
1.828059999999999945e+03
1.828059999999999945e+03
1.828059999999999945e+03
1.828059999999999945e+03
1.828059999999999945e+03
1.828059999999999945e+03
1.801309999999999945e+03
1.801309999999999945e+03
1.801309999999999945e+03
1.801309999999999945e+03
1.859059999999999945e+03
1.859059999999999945e+03
1.808920000000000073e+03
1.808920000000000073e+03
1.808920000000000073e+03
1.808920000000000073e+03
1.808920000000000073e+03
1.867700000000000045e+03
1.000000000000000000e+00
1.000000000000000000e+00
1.000000000000000000e+00
1.000000000000000000e+00
1.867700000000000045e+03
1.867700000000000045e+03
1.867700000000000045e+03
1.867700000000000045e+03
1.867700000000000045e+03
1.867700000000000045e+03
1.867700000000000045e+03
1.889299999999999955e+03
