3.516844132091094255e-01
4.117722246177936141e-01
5.326458660767983133e-01
5.010907301399031288e-01
1.326200946545162205e-06
2.263445548709482613e-01
6.654662824296669887e-01
1.599356271905461868e-01
9.651630665788137747e-03
1.265197475483873998e-02
1.418282328923749225e-01
3.637666490460204294e+00
5.968376725463712319e+03
5.219291656198888241e+00
6.465176683021277293e-02
2.424349458729488660e+01
6.770978422949675002e-02
6.631674759991494639e-02
1.402885060843382381e-01
1.426514379464564886e-01
2.197039134379107916e-01
2.449301747752580805e-01
2.951249205567507139e-01
2.655654263211127963e-01
2.808696803841471690e-01
3.075099298688662719e-01
5.068370771383947648e-01
4.836737622847492313e-01
5.964724790604509774e-01
5.219987114684031537e-01
3.965233913093050844e-01
5.394064188194322984e-01
4.798021403389427508e-01
6.085927730826015125e-01
4.828938133931598986e-01
4.367739442598331800e-01
7.295500989912478973e-01
4.220671891684176225e-01
5.165695010157251854e-01
5.522165893681114657e-01
5.776109571487436645e-01
4.839600825736146694e-01
4.415261146796754521e-01
5.844167132270011722e-01
6.680040115646530552e-01
6.080132776583552223e-01
6.089184616354761381e-01
6.205263072627116294e-01
4.024220241465302217e-01
4.640074148938373999e-01
3.857571922667051845e-01
