9.663061299999999854e-01
1.611565240000000010e+00
1.339579789999999937e+00
3.627551399999999759e-01
4.009999999999999723e-06
5.007155800000000490e-01
9.862376000000000476e-02
9.575160000000000615e-02
3.183178999999999870e-02
3.054281999999999830e-02
9.802000499999999894e-01
1.178861949000000031e+01
2.574463260023999828e+04
8.237299800000000616e+00
1.541038299999999972e-01
7.336542423999999585e+01
1.029270199999999941e-01
-2.046529999999999964e-03
1.307673799999999886e-01
2.217292700000000061e-01
-3.716337000000000113e-01
1.947718999999999978e-01
-6.777313999999999561e-02
9.421042000000000305e-02
3.114526799999999818e-01
1.697692899999999894e-01
4.653996100000000191e-01
-2.791871599999999898e-01
3.407293699999999759e-01
6.844285199999999847e-01
-3.498879999999999785e-03
1.488122400000000123e-01
4.690184700000000206e-01
6.894673999999999525e-01
5.992872900000000280e-01
5.834285599999999850e-01
1.458830499999999863e-01
6.458762999999999588e-01
-6.692065099999999767e-01
8.132983099999999688e-01
-5.867972099999999580e-01
9.330387700000000173e-01
-3.857373099999999999e-01
-2.802835699999999819e-01
3.619165100000000246e-01
-1.183369400000000016e-01
-8.760491500000000542e-01
3.931058399999999842e-01
9.013384000000000673e-02
7.203846799999999995e-01
4.182586699999999991e-01
7.588493200000000494e-01
6.382983700000000038e-01
-7.629317799999999483e-01
6.468918999999999642e-01
6.502470700000000381e-01
2.902051900000000018e-01
4.128211600000000203e-01
-9.206748200000000049e-01
9.479062099999999713e-01
-7.838402799999999448e-01
2.947947999999999888e-02
8.823678099999999747e-01
-2.683687900000000237e-01
4.819724699999999862e-01
8.182379499999999917e-01
6.000883999999999663e-01
-8.568148799999999454e-01
6.496904000000000012e-01
-7.046230300000000391e-01
-3.299646600000000207e-01
-6.211036999999999808e-02
-5.679746900000000043e-01
-9.201081800000000532e-01
-7.995593300000000125e-01
-7.312739000000000045e-02
-5.760617599999999783e-01
