1.051658259999999956e+00
1.649403919999999912e+00
1.345480430000000061e+00
5.294116800000000511e-01
4.869999999999999960e-06
7.593215800000000515e-01
5.324073499999999459e-01
1.792423900000000014e-01
2.766363000000000155e-02
4.938399999999999734e-02
9.534583199999999703e-01
1.773102981999999983e+01
2.366503213126999981e+04
9.832216109999999176e+00
1.632094900000000126e-01
5.269131017000000128e+01
8.471488000000000629e-02
-9.825174000000000407e-02
9.079869000000000134e-02
1.306588099999999864e-01
-3.752080799999999994e-01
3.058195899999999745e-01
-5.882799999999999835e-02
1.648838300000000090e-01
3.724883099999999891e-01
3.763378900000000082e-01
2.727031899999999842e-01
-3.134982199999999941e-01
8.135043499999999872e-01
3.067369300000000187e-01
-3.202909400000000240e-01
-5.625585000000000307e-02
1.099030500000000021e-01
4.054447500000000204e-01
5.645974200000000165e-01
8.638055799999999618e-01
-4.312947999999999782e-02
2.168629400000000040e-01
-6.471074799999999572e-01
5.060358000000000356e-01
-7.834209199999999651e-01
9.211325000000000207e-01
-6.797528400000000248e-01
-2.856839500000000198e-01
-6.189945399999999820e-01
-4.330509399999999953e-01
-7.618639000000000383e-01
6.677368399999999982e-01
-4.280271500000000229e-01
1.261162899999999920e-01
2.084077599999999975e-01
5.630546400000000506e-01
8.830551399999999607e-01
-4.607553099999999735e-01
7.180326200000000103e-01
8.167172799999999899e-01
6.121614699999999853e-01
1.287500500000000048e-01
-7.471719199999999894e-01
9.482553599999999916e-01
-8.270123999999999809e-01
-3.889560999999999713e-02
5.267390299999999970e-01
-4.026170000000000027e-01
-2.243320000000000036e-01
9.888471199999999683e-01
1.167277399999999965e-01
-7.716679499999999914e-01
7.625804400000000260e-01
-5.150529499999999539e-01
-8.008339000000000429e-02
3.512501999999999985e-02
-1.637591999999999867e-02
-7.407854900000000464e-01
-2.014383499999999882e-01
5.212113099999999832e-01
-9.021414700000000009e-01
