0.00 1.00 -18636.85 -18636.85 447.40 10014.34
1.00 1.00 -18636.85 -18669.43 447.40 10014.34
2.00 1.00 -18636.85 -19111.22 447.40 10014.34
3.00 1.00 -18636.85 -19632.71 447.40 10014.34
4.00 1.00 -18636.85 -18853.07 447.40 10014.34
5.00 2.00 -18625.04 -18625.04 462.87 9987.91
6.00 2.00 -18625.04 -19167.22 462.87 9987.91
7.00 2.00 -18625.04 -18872.76 462.87 9987.91
8.00 2.00 -18625.04 -18986.00 462.87 9987.91
9.00 2.00 -18625.04 -19142.57 462.87 9987.91
10.00 2.00 -18625.04 -19251.21 462.87 9987.91
11.00 2.00 -18625.04 -19468.61 462.87 9987.91
