0.00 1.00 -20046.52 -20046.52 505.56 2855.18
1.00 2.00 -19540.92 -19540.92 511.72 2870.36
2.00 2.00 -19540.92 -19752.84 511.72 2870.36
3.00 2.00 -19540.92 -20159.30 511.72 2870.36
4.00 2.00 -19540.92 -20279.57 511.72 2870.36
5.00 2.00 -19540.92 -19634.72 511.72 2870.36
6.00 2.00 -19540.92 -20153.97 511.72 2870.36
7.00 2.00 -19540.92 -19909.83 511.72 2870.36
8.00 2.00 -19540.92 -19756.93 511.72 2870.36
9.00 2.00 -19540.92 -19683.16 511.72 2870.36
10.00 2.00 -19540.92 -19793.47 511.72 2870.36
11.00 2.00 -19540.92 -19960.83 511.72 2870.36
