0.00 1.00 -12976.97 -12976.97 491.08 13693.89
1.00 1.00 -12976.97 -13697.12 491.08 13693.89
2.00 2.00 -12845.75 -12845.75 486.51 13694.79
3.00 2.00 -12845.75 -12935.39 486.51 13694.79
4.00 2.00 -12845.75 -13716.88 486.51 13694.79
5.00 2.00 -12845.75 -13251.93 486.51 13694.79
6.00 2.00 -12845.75 -13239.34 486.51 13694.79
7.00 2.00 -12845.75 -13281.65 486.51 13694.79
8.00 2.00 -12845.75 -13491.60 486.51 13694.79
9.00 2.00 -12845.75 -13001.02 486.51 13694.79
10.00 2.00 -12845.75 -13040.96 486.51 13694.79
11.00 2.00 -12845.75 -13173.99 486.51 13694.79
