0.00 1.00 -16548.55 -16548.55 447.51 12672.61
1.00 1.00 -16548.55 -16916.55 447.51 12672.61
2.00 1.00 -16548.55 -16890.73 447.51 12672.61
3.00 1.00 -16548.55 -17198.62 447.51 12672.61
4.00 1.00 -16548.55 -16586.20 447.51 12672.61
5.00 1.00 -16548.55 -16785.75 447.51 12672.61
6.00 1.00 -16548.55 -16777.52 447.51 12672.61
7.00 2.00 -16526.74 -16526.74 451.50 12708.25
8.00 2.00 -16526.74 -16848.08 451.50 12708.25
9.00 2.00 -16526.74 -16750.03 451.50 12708.25
10.00 2.00 -16526.74 -17565.97 451.50 12708.25
11.00 2.00 -16526.74 -16657.40 451.50 12708.25
