0.00 0.00 -16127.59 -16382.99 1.00 1.00
1.00 0.00 -16127.59 -16414.05 1.00 1.00
2.00 1.00 -16078.73 -16078.73 460.77 11158.20
3.00 1.00 -16078.73 -16226.01 460.77 11158.20
4.00 1.00 -16078.73 -16246.83 460.77 11158.20
5.00 1.00 -16078.73 -16113.30 460.77 11158.20
6.00 1.00 -16078.73 -16251.94 460.77 11158.20
7.00 1.00 -16078.73 -16707.42 460.77 11158.20
8.00 1.00 -16078.73 -16673.04 460.77 11158.20
9.00 1.00 -16078.73 -16537.26 460.77 11158.20
10.00 1.00 -16078.73 -16131.53 460.77 11158.20
11.00 1.00 -16078.73 -16543.17 460.77 11158.20
