-11310.42000 -22833.76000 -12058.16000 -17055.60000 -15036.05000 -18300.63000
-10621.60000 -22732.53000 -12887.87000 -15917.37000 -14203.13000 -19682.84000
-10644.21000 -21412.73000 -12819.21000 -15961.74000 -15028.27000 -18318.60000
-11332.05000 -21320.07000 -12059.75000 -16912.83000 -14011.58000 -18229.15000
-11274.63000 -22846.04000 -12838.07000 -15887.62000 -14090.05000 -18278.55000
-10587.11000 -21315.36000 -12028.92000 -17113.07000 -14064.27000 -18392.28000
-10622.81000 -21382.65000 -12042.14000 -15848.87000 -15032.46000 -18266.44000
-10687.22000 -21411.98000 -12046.50000 -15896.35000 -14030.53000 -18253.59000
-10594.64000 -21382.65000 -12064.99000 -16003.97000 -14119.08000 -18402.55000
-10627.07000 -21404.54000 -12095.06000 -17129.69000 -14063.90000 -18350.03000
-10716.81000 -21410.40000 -11987.33000 -15825.39000 -14020.51000 -19581.71000
-10621.60000 -21382.02000 -12005.85000 -15916.32000 -14086.22000 -18342.17000
-10679.41000 -21327.41000 -12082.34000 -15862.11000 -14000.73000 -18314.93000
-10616.89000 -21426.65000 -12084.25000 -15955.37000 -14143.39000 -18278.68000
-10542.91000 -21383.49000 -12014.83000 -15801.36000 -14079.73000 -18391.08000
-10623.01000 -21325.01000 -12068.87000 -15847.57000 -14042.67000 -18264.24000
-10645.01000 -21467.80000 -12853.20000 -15892.10000 -14105.40000 -18399.75000
-10594.28000 -21315.36000 -12898.02000 -15848.87000 -13997.14000 -18351.72000
-10603.27000 -21388.63000 -12071.46000 -15838.00000 -14043.29000 -18302.50000
-10617.23000 -21365.86000 -12004.22000 -15925.76000 -14196.89000 -18332.75000
-10576.00000 -21212.85000 -12034.92000 -15915.86000 -13997.92000 -18384.41000
-10555.50000 -21346.48000 -12038.48000 -15801.36000 -14985.95000 -18347.82000
-10622.57000 -21201.74000 -12024.96000 -15794.64000 -14057.05000 -18328.58000
-21253.90000 -21394.97000 -20971.51000 -21007.12000 -22710.72000 -21103.05000
-21331.98000 -21220.77000 -21011.93000 -20895.88000 -21336.21000 -21073.50000
-21234.57000 -21295.04000 -20958.42000 -21046.87000 -21264.81000 -21129.26000
-21355.49000 -22781.88000 -20995.25000 -20954.77000 -21254.69000 -21127.98000
-21340.82000 -21201.74000 -21109.90000 -20992.76000 -21273.53000 -21028.28000
-21166.10000 -21246.43000 -20871.16000 -21034.11000 -21254.69000 -20980.78000
-21266.39000 -21281.64000 -20962.68000 -21033.02000 -21254.69000 -21212.87000
-21262.59000 -21180.19000 -20936.14000 -21098.72000 -21464.60000 -21158.67000
-21205.16000 -21158.90000 -21018.27000 -21040.86000 -21380.97000 -21174.14000
-21078.74000 -21285.47000 -20928.87000 -21001.89000 -21332.34000 -21042.36000
-21078.74000 -21382.65000 -20930.17000 -20829.79000 -21254.78000 -22518.56000
-21252.03000 -21145.70000 -20885.62000 -20777.93000 -21344.27000 -21093.91000
-21251.39000 -21214.96000 -20923.18000 -21005.36000 -21223.80000 -21093.91000
-21244.79000 -21158.90000 -20967.11000 -20726.57000 -21230.45000 -21080.75000
-21222.71000 -21509.45000 -20986.69000 -21079.12000 -21273.71000 -20969.90000
-21190.11000 -21242.47000 -20889.36000 -21022.54000 -21230.45000 -21049.70000
-21179.45000 -21256.79000 -21081.39000 -21027.16000 -21092.86000 -21199.45000
-21292.40000 -21220.98000 -20945.98000 -20922.73000 -21279.01000 -21102.83000
-21292.40000 -21244.17000 -22359.49000 -21001.95000 -21250.08000 -21093.91000
-21135.01000 -21227.28000 -21009.80000 -20960.16000 -21265.41000 -21037.13000
-21258.33000 -21299.79000 -20973.75000 -20995.60000 -21321.35000 -21030.91000
-21340.38000 -21280.66000 -21025.76000 -21087.37000 -21092.86000 -21041.15000
-21137.62000 -21467.35000 -22470.73000 -21006.02000 -21500.65000 -21093.91000
-21295.39000 -21275.96000 -20957.56000 -22307.79000 -21445.96000 -21180.18000
-21384.52000 -21360.14000 -21004.41000 -20957.82000 -21415.40000 -21071.59000
-21259.28000 -21421.56000 -20919.80000 -22384.16000 -21223.80000 -21148.49000
-21184.00000 -21228.80000 -20919.80000 -20955.47000 -21261.14000 -22621.71000
-21162.07000 -21232.59000 -21068.43000 -21005.59000 -21400.79000 -21050.02000
-21278.75000 -21232.59000 -20864.20000 -21026.46000 -21433.64000 -21161.21000
-21338.46000 -21285.61000 -20998.69000 -22486.00000 -21350.09000 -20997.70000
-21296.47000 -21309.15000 -20944.90000 -20899.37000 -21281.23000 -21051.82000
-21242.91000 -21201.74000 -20970.68000 -21052.32000 -21381.94000 -20900.98000
-21313.87000 -21301.49000 -21009.80000 -20988.97000 -21166.75000 -21131.28000
-21215.70000 -22875.68000 -22377.56000 -20923.20000 -21262.57000 -21061.95000
-21235.10000 -21070.52000 -22451.85000 -20942.55000 -21092.86000 -20927.60000
-22860.15000 -21244.54000 -21014.32000 -20933.83000 -21317.53000 -21093.91000
-22670.14000 -21308.85000 -21025.44000 -20934.41000 -22585.50000 -20882.10000
-21292.40000 -21254.84000 -20966.55000 -22397.35000 -21223.80000 -21059.43000
-21175.20000 -21221.04000 -21044.66000 -21125.42000 -21315.41000 -21087.98000
-21256.57000 -21136.80000 -20850.64000 -21045.31000 -22623.15000 -22558.93000
-21238.40000 -21328.38000 -22327.35000 -20983.99000 -21299.04000 -22465.64000
