1.061542771822918896e+00
1.126400754114583735e+00
1.106850145833332411e+00
1.148794537109374847e+00
1.975364583333339787e-06
6.272942140364572428e-01
9.686680169270838192e-01
3.069926230989572513e-01
2.284682479166671998e-02
2.839486466145836260e-02
5.690002250260411953e-01
1.506929407567705681e+01
2.490935019089539128e+04
9.900342901796852502e+00
1.437333146614579726e-01
4.714581373398417696e+01
6.616865338541662311e-02
-6.312378322916661899e-02
7.433476559895832447e-02
-3.461403523437500684e-02
-1.068439685416666257e-01
-7.481625880208339630e-02
4.982018093749995824e-02
-7.932062255208330304e-02
5.181193552083335208e-02
5.158844369791659723e-02
1.781200155208332581e-01
1.339870291666664555e-02
2.583972021354172255e-01
2.978238288541656398e-01
-3.874215460937491251e-02
2.745021164843748362e-01
1.213213355989589681e-01
-1.362520364583403275e-03
1.516452011458333804e-01
-2.138539723958335706e-02
5.819858364583321148e-02
7.815345510416688013e-02
-2.282019286718754703e-01
3.007668136197917397e-01
-3.223666967187498456e-01
8.185286257812511568e-02
-1.014783415104168474e-01
-4.820905989584387962e-04
8.814973583333331197e-02
-2.317816723437498005e-01
-4.398568416406234416e-01
-4.582596346354180644e-02
1.665793010677076580e-01
4.266773745572928767e-01
2.206716742447918655e-01
7.144346346354123189e-02
1.954322923437500359e-01
-1.654424280989573448e-01
1.555059474218747073e-01
1.173118743750001108e-01
4.037119745833321893e-01
-2.004626679166667813e-01
-1.785652403125000676e-01
2.688181584895832921e-01
-1.501401787500000473e-01
-1.684688473177080870e-01
-5.968318302083343990e-02
-4.195453074739565191e-01
-1.008429900000001184e-01
-9.442327786458254782e-03
-6.007747796874979979e-02
-1.294033363281253124e-01
3.185673331510414097e-01
8.099126140625002856e-02
-2.695333024739581806e-01
-1.998348563281249213e-01
-3.632561743750002403e-01
-2.782128476562504074e-02
1.154839605989583379e-01
7.943081359375050998e-02
-4.240581038020825866e-01
