1.000000000000000000e+00
1.000000000000000000e+00
1.928300000000000125e+02
1.928300000000000125e+02
1.928300000000000125e+02
1.928300000000000125e+02
1.928300000000000125e+02
1.928300000000000125e+02
1.928300000000000125e+02
1.928300000000000125e+02
1.928300000000000125e+02
1.933499999999999943e+02
1.933499999999999943e+02
1.933499999999999943e+02
1.933499999999999943e+02
1.933499999999999943e+02
1.907400000000000091e+02
1.907400000000000091e+02
1.907400000000000091e+02
1.907400000000000091e+02
1.907400000000000091e+02
1.907400000000000091e+02
1.907400000000000091e+02
1.907400000000000091e+02
1.893799999999999955e+02
1.927400000000000091e+02
1.927400000000000091e+02
1.927400000000000091e+02
1.927400000000000091e+02
1.927400000000000091e+02
1.927400000000000091e+02
1.927400000000000091e+02
1.927700000000000102e+02
1.927700000000000102e+02
1.911299999999999955e+02
1.911299999999999955e+02
1.911299999999999955e+02
1.911299999999999955e+02
1.937299999999999898e+02
1.937299999999999898e+02
1.937299999999999898e+02
1.937299999999999898e+02
1.937299999999999898e+02
1.937299999999999898e+02
1.937299999999999898e+02
1.937299999999999898e+02
1.937299999999999898e+02
1.937299999999999898e+02
1.937299999999999898e+02
1.937299999999999898e+02
1.937299999999999898e+02
1.937299999999999898e+02
1.937299999999999898e+02
1.937299999999999898e+02
1.937299999999999898e+02
1.937299999999999898e+02
1.937299999999999898e+02
1.937299999999999898e+02
1.937299999999999898e+02
1.937299999999999898e+02
1.937299999999999898e+02
1.937299999999999898e+02
1.937299999999999898e+02
1.907899999999999920e+02
1.907899999999999920e+02
1.907899999999999920e+02
1.907899999999999920e+02
1.927700000000000102e+02
1.927700000000000102e+02
1.927700000000000102e+02
1.927700000000000102e+02
1.927700000000000102e+02
1.905699999999999932e+02
1.905699999999999932e+02
1.905699999999999932e+02
1.905699999999999932e+02
1.905699999999999932e+02
1.905699999999999932e+02
1.905699999999999932e+02
1.905699999999999932e+02
1.905699999999999932e+02
1.905699999999999932e+02
1.905699999999999932e+02
1.905699999999999932e+02
1.905699999999999932e+02
1.905699999999999932e+02
1.905699999999999932e+02
1.905699999999999932e+02
1.905699999999999932e+02
1.905699999999999932e+02
1.921299999999999955e+02
1.921299999999999955e+02
1.921299999999999955e+02
1.921299999999999955e+02
1.921299999999999955e+02
1.921299999999999955e+02
1.921299999999999955e+02
1.921299999999999955e+02
1.921299999999999955e+02
1.921299999999999955e+02
1.921299999999999955e+02
1.921299999999999955e+02
1.921299999999999955e+02
1.921299999999999955e+02
1.921299999999999955e+02
1.921299999999999955e+02
1.921299999999999955e+02
1.921299999999999955e+02
1.921299999999999955e+02
1.921299999999999955e+02
1.921299999999999955e+02
1.921299999999999955e+02
1.921299999999999955e+02
1.923100000000000023e+02
1.923100000000000023e+02
1.923100000000000023e+02
1.923100000000000023e+02
1.923100000000000023e+02
1.923100000000000023e+02
1.923100000000000023e+02
1.923100000000000023e+02
1.923100000000000023e+02
1.923100000000000023e+02
1.923100000000000023e+02
1.932800000000000011e+02
1.932800000000000011e+02
1.904399999999999977e+02
1.904399999999999977e+02
1.904399999999999977e+02
1.904399999999999977e+02
1.909499999999999886e+02
1.909499999999999886e+02
1.909499999999999886e+02
1.909499999999999886e+02
1.909499999999999886e+02
1.909499999999999886e+02
1.909499999999999886e+02
1.909499999999999886e+02
1.909499999999999886e+02
1.919900000000000091e+02
1.919900000000000091e+02
1.919900000000000091e+02
1.919900000000000091e+02
1.919900000000000091e+02
1.919900000000000091e+02
1.919900000000000091e+02
1.919900000000000091e+02
1.919900000000000091e+02
1.919900000000000091e+02
1.919900000000000091e+02
1.902599999999999909e+02
1.902599999999999909e+02
1.902599999999999909e+02
1.900999999999999943e+02
1.900999999999999943e+02
1.900999999999999943e+02
1.900999999999999943e+02
1.895699999999999932e+02
1.895699999999999932e+02
1.895699999999999932e+02
1.895699999999999932e+02
1.895699999999999932e+02
1.895699999999999932e+02
1.895699999999999932e+02
1.895699999999999932e+02
1.895699999999999932e+02
1.895699999999999932e+02
1.895699999999999932e+02
1.895699999999999932e+02
1.895699999999999932e+02
1.895699999999999932e+02
1.895699999999999932e+02
1.895699999999999932e+02
1.895699999999999932e+02
1.895699999999999932e+02
1.895699999999999932e+02
1.895699999999999932e+02
1.895699999999999932e+02
1.895699999999999932e+02
1.895699999999999932e+02
1.895699999999999932e+02
1.895699999999999932e+02
1.895699999999999932e+02
1.895699999999999932e+02
1.895699999999999932e+02
1.895699999999999932e+02
1.895699999999999932e+02
1.895699999999999932e+02
1.895699999999999932e+02
1.000000000000000000e+00
1.928199999999999932e+02
1.894799999999999898e+02
1.894799999999999898e+02
1.897299999999999898e+02
1.897299999999999898e+02
1.897299999999999898e+02
1.897299999999999898e+02
1.897299999999999898e+02
1.897299999999999898e+02
1.897299999999999898e+02
1.897299999999999898e+02
1.897299999999999898e+02
1.897299999999999898e+02
1.897299999999999898e+02
1.897299999999999898e+02
1.897299999999999898e+02
1.897299999999999898e+02
1.897299999999999898e+02
1.917899999999999920e+02
1.917899999999999920e+02
1.960300000000000011e+02
1.960300000000000011e+02
1.960300000000000011e+02
1.960300000000000011e+02
1.960300000000000011e+02
1.960300000000000011e+02
1.960300000000000011e+02
1.960300000000000011e+02
1.925399999999999920e+02
1.894499999999999886e+02
1.894499999999999886e+02
1.894499999999999886e+02
1.904000000000000057e+02
1.904000000000000057e+02
1.904000000000000057e+02
1.904000000000000057e+02
1.904000000000000057e+02
1.904000000000000057e+02
1.904000000000000057e+02
1.904000000000000057e+02
1.904000000000000057e+02
1.904000000000000057e+02
1.904000000000000057e+02
1.904000000000000057e+02
1.904000000000000057e+02
1.904000000000000057e+02
1.904000000000000057e+02
1.904000000000000057e+02
1.904000000000000057e+02
1.904000000000000057e+02
1.904000000000000057e+02
1.904000000000000057e+02
1.904000000000000057e+02
1.904000000000000057e+02
1.904000000000000057e+02
1.931599999999999966e+02
1.931599999999999966e+02
1.931599999999999966e+02
1.931599999999999966e+02
1.931599999999999966e+02
1.931599999999999966e+02
1.931599999999999966e+02
1.934499999999999886e+02
1.934499999999999886e+02
1.934499999999999886e+02
1.905999999999999943e+02
1.905999999999999943e+02
1.927899999999999920e+02
1.927899999999999920e+02
1.927899999999999920e+02
1.927899999999999920e+02
1.917500000000000000e+02
1.917500000000000000e+02
1.917500000000000000e+02
1.917500000000000000e+02
1.930500000000000114e+02
1.930500000000000114e+02
1.930500000000000114e+02
1.930500000000000114e+02
1.930500000000000114e+02
1.930500000000000114e+02
1.930500000000000114e+02
1.930500000000000114e+02
1.928100000000000023e+02
1.928100000000000023e+02
1.928100000000000023e+02
1.928100000000000023e+02
1.928100000000000023e+02
1.928100000000000023e+02
1.928100000000000023e+02
1.928100000000000023e+02
1.928100000000000023e+02
1.928100000000000023e+02
1.928100000000000023e+02
1.915999999999999943e+02
1.962100000000000080e+02
1.962100000000000080e+02
1.941299999999999955e+02
1.941299999999999955e+02
1.941299999999999955e+02
1.941299999999999955e+02
1.941299999999999955e+02
1.941299999999999955e+02
1.941299999999999955e+02
1.941299999999999955e+02
1.941299999999999955e+02
1.941299999999999955e+02
1.941299999999999955e+02
1.941299999999999955e+02
1.941299999999999955e+02
1.941299999999999955e+02
1.941299999999999955e+02
1.941299999999999955e+02
1.941299999999999955e+02
1.941299999999999955e+02
1.941299999999999955e+02
1.941299999999999955e+02
1.941299999999999955e+02
1.941299999999999955e+02
1.941299999999999955e+02
1.941299999999999955e+02
1.941299999999999955e+02
1.941299999999999955e+02
1.941299999999999955e+02
1.941299999999999955e+02
1.882100000000000080e+02
1.882100000000000080e+02
1.920099999999999909e+02
1.920099999999999909e+02
1.920099999999999909e+02
1.920099999999999909e+02
1.920099999999999909e+02
1.920099999999999909e+02
1.920099999999999909e+02
1.920099999999999909e+02
1.920099999999999909e+02
1.920099999999999909e+02
1.920099999999999909e+02
1.920099999999999909e+02
1.920099999999999909e+02
1.920099999999999909e+02
1.920099999999999909e+02
1.920099999999999909e+02
1.920099999999999909e+02
1.920099999999999909e+02
1.920099999999999909e+02
1.920099999999999909e+02
1.920099999999999909e+02
1.920099999999999909e+02
1.920099999999999909e+02
1.920099999999999909e+02
1.888700000000000045e+02
1.899600000000000080e+02
1.899600000000000080e+02
1.899600000000000080e+02
1.899600000000000080e+02
1.899600000000000080e+02
1.899600000000000080e+02
1.899600000000000080e+02
1.899600000000000080e+02
1.899600000000000080e+02
1.921999999999999886e+02
1.921999999999999886e+02
1.921999999999999886e+02
1.921999999999999886e+02
1.921999999999999886e+02
1.921999999999999886e+02
1.921999999999999886e+02
1.921999999999999886e+02
1.921999999999999886e+02
1.921999999999999886e+02
1.921999999999999886e+02
1.921999999999999886e+02
1.921999999999999886e+02
1.921999999999999886e+02
1.921999999999999886e+02
1.921999999999999886e+02
1.921999999999999886e+02
1.921999999999999886e+02
1.921999999999999886e+02
1.921999999999999886e+02
1.921999999999999886e+02
1.921999999999999886e+02
1.911899999999999977e+02
1.911899999999999977e+02
1.911899999999999977e+02
1.911899999999999977e+02
1.911899999999999977e+02
