1.778049999999999955e+03
1.778049999999999955e+03
1.778049999999999955e+03
1.778049999999999955e+03
1.836480000000000018e+03
1.836480000000000018e+03
1.836480000000000018e+03
1.836480000000000018e+03
1.836480000000000018e+03
1.836480000000000018e+03
1.836480000000000018e+03
1.836480000000000018e+03
1.836480000000000018e+03
1.758480000000000018e+03
1.758480000000000018e+03
1.758480000000000018e+03
1.758480000000000018e+03
1.758480000000000018e+03
1.758480000000000018e+03
1.758480000000000018e+03
1.758480000000000018e+03
1.758480000000000018e+03
1.758480000000000018e+03
1.758480000000000018e+03
1.827200000000000045e+03
1.827200000000000045e+03
1.827200000000000045e+03
1.810650000000000091e+03
1.810650000000000091e+03
1.810650000000000091e+03
1.810650000000000091e+03
1.775359999999999900e+03
1.775359999999999900e+03
1.775359999999999900e+03
1.775359999999999900e+03
1.775359999999999900e+03
1.775359999999999900e+03
1.775359999999999900e+03
1.775359999999999900e+03
1.775359999999999900e+03
1.775359999999999900e+03
1.775359999999999900e+03
1.775359999999999900e+03
1.775359999999999900e+03
1.775359999999999900e+03
1.775359999999999900e+03
1.775359999999999900e+03
1.775359999999999900e+03
1.775359999999999900e+03
1.775359999999999900e+03
1.775359999999999900e+03
1.775359999999999900e+03
1.775359999999999900e+03
1.775359999999999900e+03
1.775359999999999900e+03
1.775359999999999900e+03
1.775359999999999900e+03
1.775359999999999900e+03
1.775359999999999900e+03
1.775359999999999900e+03
1.775359999999999900e+03
1.775359999999999900e+03
1.775359999999999900e+03
1.000000000000000000e+00
1.814779999999999973e+03
1.777339999999999918e+03
1.777339999999999918e+03
1.766839999999999918e+03
1.766839999999999918e+03
1.766839999999999918e+03
1.766839999999999918e+03
1.766839999999999918e+03
1.766839999999999918e+03
1.766839999999999918e+03
1.766839999999999918e+03
1.766839999999999918e+03
1.766839999999999918e+03
1.766839999999999918e+03
1.766839999999999918e+03
1.766839999999999918e+03
1.766839999999999918e+03
1.766839999999999918e+03
1.823089999999999918e+03
1.823089999999999918e+03
1.854029999999999973e+03
1.854029999999999973e+03
1.854029999999999973e+03
1.854029999999999973e+03
1.854029999999999973e+03
1.854029999999999973e+03
1.854029999999999973e+03
1.854029999999999973e+03
1.782940000000000055e+03
1.744029999999999973e+03
1.744029999999999973e+03
1.744029999999999973e+03
1.765119999999999891e+03
1.765119999999999891e+03
1.765119999999999891e+03
1.765119999999999891e+03
1.765119999999999891e+03
1.765119999999999891e+03
1.765119999999999891e+03
1.765119999999999891e+03
1.765119999999999891e+03
1.765119999999999891e+03
1.765119999999999891e+03
1.765119999999999891e+03
1.765119999999999891e+03
1.765119999999999891e+03
1.765119999999999891e+03
1.765119999999999891e+03
1.765119999999999891e+03
1.765119999999999891e+03
1.765119999999999891e+03
1.765119999999999891e+03
1.765119999999999891e+03
1.765119999999999891e+03
1.765119999999999891e+03
1.794019999999999982e+03
1.794019999999999982e+03
1.794019999999999982e+03
1.794019999999999982e+03
1.794019999999999982e+03
1.794019999999999982e+03
1.794019999999999982e+03
1.728000000000000000e+03
1.728000000000000000e+03
1.728000000000000000e+03
1.728000000000000000e+03
1.753079999999999927e+03
1.753079999999999927e+03
1.753079999999999927e+03
1.753079999999999927e+03
1.753079999999999927e+03
1.710339999999999918e+03
1.710339999999999918e+03
1.710339999999999918e+03
1.710339999999999918e+03
1.710339999999999918e+03
1.710339999999999918e+03
1.710339999999999918e+03
1.710339999999999918e+03
1.710339999999999918e+03
1.710339999999999918e+03
1.710339999999999918e+03
1.710339999999999918e+03
1.710339999999999918e+03
1.710339999999999918e+03
1.710339999999999918e+03
1.710339999999999918e+03
1.710339999999999918e+03
1.710339999999999918e+03
1.735059999999999945e+03
1.735059999999999945e+03
1.735059999999999945e+03
1.735059999999999945e+03
1.735059999999999945e+03
1.735059999999999945e+03
1.735059999999999945e+03
1.735059999999999945e+03
1.735059999999999945e+03
1.735059999999999945e+03
1.735059999999999945e+03
1.735059999999999945e+03
1.735059999999999945e+03
1.735059999999999945e+03
1.735059999999999945e+03
1.735059999999999945e+03
1.735059999999999945e+03
1.735059999999999945e+03
1.735059999999999945e+03
1.735059999999999945e+03
1.735059999999999945e+03
1.735059999999999945e+03
1.735059999999999945e+03
1.750380000000000109e+03
1.750380000000000109e+03
1.750380000000000109e+03
1.750380000000000109e+03
1.750380000000000109e+03
1.750380000000000109e+03
1.750380000000000109e+03
1.750380000000000109e+03
1.750380000000000109e+03
1.750380000000000109e+03
1.750380000000000109e+03
1.767400000000000091e+03
1.767400000000000091e+03
1.773759999999999991e+03
1.773759999999999991e+03
1.773759999999999991e+03
1.738130000000000109e+03
1.738130000000000109e+03
1.774799999999999955e+03
1.774799999999999955e+03
1.774799999999999955e+03
1.774799999999999955e+03
1.719680000000000064e+03
1.719680000000000064e+03
1.719680000000000064e+03
1.719680000000000064e+03
1.782599999999999909e+03
1.782599999999999909e+03
1.782599999999999909e+03
1.782599999999999909e+03
1.782599999999999909e+03
1.782599999999999909e+03
1.782599999999999909e+03
1.782599999999999909e+03
1.770579999999999927e+03
1.770579999999999927e+03
1.770579999999999927e+03
1.770579999999999927e+03
1.770579999999999927e+03
1.770579999999999927e+03
1.770579999999999927e+03
1.770579999999999927e+03
1.770579999999999927e+03
1.770579999999999927e+03
1.770579999999999927e+03
1.731430000000000064e+03
1.859569999999999936e+03
1.859569999999999936e+03
1.797039999999999964e+03
1.797039999999999964e+03
1.797039999999999964e+03
1.797039999999999964e+03
1.797039999999999964e+03
1.797039999999999964e+03
1.797039999999999964e+03
1.797039999999999964e+03
1.797039999999999964e+03
1.797039999999999964e+03
1.797039999999999964e+03
1.797039999999999964e+03
1.797039999999999964e+03
1.797039999999999964e+03
1.797039999999999964e+03
1.797039999999999964e+03
1.797039999999999964e+03
1.797039999999999964e+03
1.797039999999999964e+03
1.797039999999999964e+03
1.797039999999999964e+03
1.797039999999999964e+03
1.797039999999999964e+03
1.797039999999999964e+03
1.797039999999999964e+03
1.797039999999999964e+03
1.797039999999999964e+03
1.797039999999999964e+03
1.000000000000000000e+00
1.000000000000000000e+00
1.811440000000000055e+03
1.811440000000000055e+03
1.811440000000000055e+03
1.811440000000000055e+03
1.811440000000000055e+03
1.811440000000000055e+03
1.811440000000000055e+03
1.811440000000000055e+03
1.811440000000000055e+03
1.836069999999999936e+03
1.836069999999999936e+03
1.836069999999999936e+03
1.836069999999999936e+03
1.836069999999999936e+03
1.761829999999999927e+03
1.761829999999999927e+03
1.761829999999999927e+03
1.761829999999999927e+03
1.761829999999999927e+03
1.761829999999999927e+03
1.761829999999999927e+03
1.761829999999999927e+03
1.740690000000000055e+03
1.814519999999999982e+03
1.814519999999999982e+03
1.814519999999999982e+03
1.814519999999999982e+03
1.814519999999999982e+03
1.814519999999999982e+03
1.814519999999999982e+03
1.834430000000000064e+03
1.834430000000000064e+03
1.764410000000000082e+03
1.764410000000000082e+03
1.764410000000000082e+03
1.764410000000000082e+03
1.822369999999999891e+03
1.822369999999999891e+03
1.822369999999999891e+03
1.822369999999999891e+03
1.822369999999999891e+03
1.822369999999999891e+03
1.822369999999999891e+03
1.822369999999999891e+03
1.822369999999999891e+03
1.822369999999999891e+03
1.822369999999999891e+03
1.822369999999999891e+03
1.822369999999999891e+03
1.822369999999999891e+03
1.822369999999999891e+03
1.822369999999999891e+03
1.822369999999999891e+03
1.822369999999999891e+03
1.822369999999999891e+03
1.822369999999999891e+03
1.822369999999999891e+03
1.822369999999999891e+03
1.822369999999999891e+03
1.822369999999999891e+03
1.822369999999999891e+03
1.767799999999999955e+03
1.767799999999999955e+03
1.772250000000000000e+03
1.772250000000000000e+03
1.772250000000000000e+03
1.772250000000000000e+03
1.772250000000000000e+03
1.772250000000000000e+03
1.772250000000000000e+03
1.772250000000000000e+03
1.772250000000000000e+03
1.772250000000000000e+03
1.772250000000000000e+03
1.772250000000000000e+03
1.772250000000000000e+03
1.772250000000000000e+03
1.772250000000000000e+03
1.772250000000000000e+03
1.772250000000000000e+03
1.772250000000000000e+03
1.772250000000000000e+03
1.772250000000000000e+03
1.772250000000000000e+03
1.772250000000000000e+03
1.772250000000000000e+03
1.772250000000000000e+03
1.794289999999999964e+03
1.771109999999999900e+03
1.771109999999999900e+03
1.771109999999999900e+03
1.771109999999999900e+03
1.771109999999999900e+03
1.771109999999999900e+03
1.771109999999999900e+03
1.771109999999999900e+03
1.771109999999999900e+03
1.763509999999999991e+03
1.763509999999999991e+03
1.763509999999999991e+03
1.763509999999999991e+03
1.763509999999999991e+03
1.763509999999999991e+03
1.763509999999999991e+03
1.763509999999999991e+03
1.763509999999999991e+03
1.763509999999999991e+03
1.763509999999999991e+03
1.763509999999999991e+03
1.763509999999999991e+03
1.763509999999999991e+03
1.763509999999999991e+03
1.763509999999999991e+03
1.763509999999999991e+03
1.829890000000000100e+03
1.829890000000000100e+03
1.829890000000000100e+03
1.829890000000000100e+03
1.829890000000000100e+03
1.757079999999999927e+03
1.757079999999999927e+03
1.757079999999999927e+03
1.757079999999999927e+03
1.757079999999999927e+03
