4.199851856342858292e-01
4.568942632581796115e-01
3.879283427778609794e-01
4.950579857513601745e-01
1.622645368550688697e-06
2.828476259500233292e-01
6.052235406223385183e-01
1.235897229936378794e-01
1.148835039243918145e-02
1.615754512190551578e-02
2.721684961848240825e-01
3.253048813237542802e+00
4.643856224878712965e+03
4.292706840598758511e+00
3.880768039852196261e-02
2.354462253785850123e+01
1.128738310860743776e-01
7.813528091111286711e-02
1.392182148750517601e-01
1.582285951463477669e-01
2.650948384885231102e-01
1.971059710524048492e-01
2.616081695752454639e-01
2.178905188454073882e-01
2.696624884409753453e-01
3.656463760813248309e-01
2.778060021259913803e-01
5.075701166356225702e-01
6.229211566216825702e-01
3.429331251206171882e-01
6.312815754264247126e-01
5.255841052883137854e-01
6.279686294148433268e-01
4.086715290712327198e-01
5.767868815281543826e-01
6.597510512853218545e-01
5.244005238053339735e-01
5.588263718217827414e-01
5.288042501629908188e-01
3.955012400377456716e-01
4.784536024355989792e-01
6.086776120440049453e-01
5.362038610714274789e-01
6.354768816081596272e-01
6.225779642256974444e-01
5.514052946926099041e-01
3.830977669207433212e-01
5.667613866798948408e-01
5.528216918531705382e-01
4.506065766904398529e-01
2.912437135593852755e-01
5.073550562310115142e-01
5.912914674166043216e-01
4.718355652916700893e-01
5.699587599042987840e-01
3.948809463571826828e-01
4.067700117279577365e-01
6.144131489436339688e-01
6.220343678994448844e-01
5.315317304646393071e-01
6.492485825693293799e-01
5.198202308783337333e-01
4.785779737088414199e-01
3.202769480162386828e-01
5.430315708070596603e-01
6.318146029936363428e-01
5.814063567472544936e-01
6.133575441901785164e-01
4.819024538390898060e-01
4.750716411234512382e-01
4.954191929036247388e-01
5.862786931463302986e-01
4.658456708025725534e-01
5.648141862053461804e-01
6.284391987945462388e-01
4.857104983888914651e-01
5.995642807689666176e-01
