1.00
1773.76
1773.76
1773.76
1738.13
1738.13
1774.80
1774.80
1774.80
1774.80
1719.68
1719.68
1719.68
1719.68
1782.60
1782.60
1782.60
1782.60
1782.60
1782.60
1782.60
1782.60
1770.58
1770.58
1770.58
1770.58
1770.58
1770.58
1770.58
1770.58
1770.58
1770.58
1770.58
1731.43
1859.57
1859.57
1797.04
1797.04
1797.04
1797.04
1797.04
1797.04
1797.04
1797.04
1797.04
1797.04
1797.04
1797.04
1797.04
1797.04
1797.04
1797.04
1797.04
1797.04
1797.04
1797.04
1797.04
1797.04
1797.04
1797.04
1797.04
1797.04
1797.04
1797.04
