1767.80
1767.80
1767.80
1772.25
1772.25
1772.25
1772.25
1772.25
1772.25
1772.25
1772.25
1772.25
1772.25
1772.25
1772.25
1772.25
1772.25
1772.25
1772.25
1772.25
1772.25
1772.25
1772.25
1772.25
1772.25
1772.25
1772.25
1794.29
1771.11
1771.11
1771.11
1771.11
1771.11
1771.11
1771.11
1771.11
1771.11
1763.51
1763.51
1763.51
1763.51
1763.51
1763.51
1763.51
1763.51
1763.51
1763.51
1763.51
1763.51
1763.51
1763.51
1763.51
1763.51
1763.51
1829.89
1829.89
1829.89
1829.89
1829.89
1757.08
1757.08
1757.08
1757.08
1757.08
