1.00
1.00
1.00
1811.44
1811.44
1811.44
1811.44
1811.44
1811.44
1811.44
1811.44
1811.44
1836.07
1836.07
1836.07
1836.07
1836.07
1761.83
1761.83
1761.83
1761.83
1761.83
1761.83
1761.83
1761.83
1740.69
1814.52
1814.52
1814.52
1814.52
1814.52
1814.52
1814.52
1834.43
1834.43
1764.41
1764.41
1764.41
1764.41
1822.37
1822.37
1822.37
1822.37
1822.37
1822.37
1822.37
1822.37
1822.37
1822.37
1822.37
1822.37
1822.37
1822.37
1822.37
1822.37
1822.37
1822.37
1822.37
1822.37
1822.37
1822.37
1822.37
1822.37
1822.37
