1.00
1778.05
1778.05
1778.05
1778.05
1836.48
1836.48
1836.48
1836.48
1836.48
1836.48
1836.48
1836.48
1836.48
1758.48
1758.48
1758.48
1758.48
1758.48
1758.48
1758.48
1758.48
1758.48
1758.48
1758.48
1827.20
1827.20
1827.20
1810.65
1810.65
1810.65
1810.65
1775.36
1775.36
1775.36
1775.36
1775.36
1775.36
1775.36
1775.36
1775.36
1775.36
1775.36
1775.36
1775.36
1775.36
1775.36
1775.36
1775.36
1775.36
1775.36
1775.36
1775.36
1775.36
1775.36
1775.36
1775.36
1775.36
1775.36
1775.36
1775.36
1775.36
1775.36
1775.36
