1728.00
1728.00
1728.00
1728.00
1728.00
1753.08
1753.08
1753.08
1753.08
1753.08
1710.34
1710.34
1710.34
1710.34
1710.34
1710.34
1710.34
1710.34
1710.34
1710.34
1710.34
1710.34
1710.34
1710.34
1710.34
1710.34
1710.34
1710.34
1735.06
1735.06
1735.06
1735.06
1735.06
1735.06
1735.06
1735.06
1735.06
1735.06
1735.06
1735.06
1735.06
1735.06
1735.06
1735.06
1735.06
1735.06
1735.06
1735.06
1735.06
1735.06
1735.06
1750.38
1750.38
1750.38
1750.38
1750.38
1750.38
1750.38
1750.38
1750.38
1750.38
1750.38
1767.40
1767.40
