1.00
1.00
1814.78
1777.34
1777.34
1766.84
1766.84
1766.84
1766.84
1766.84
1766.84
1766.84
1766.84
1766.84
1766.84
1766.84
1766.84
1766.84
1766.84
1766.84
1823.09
1823.09
1854.03
1854.03
1854.03
1854.03
1854.03
1854.03
1854.03
1854.03
1782.94
1744.03
1744.03
1744.03
1765.12
1765.12
1765.12
1765.12
1765.12
1765.12
1765.12
1765.12
1765.12
1765.12
1765.12
1765.12
1765.12
1765.12
1765.12
1765.12
1765.12
1765.12
1765.12
1765.12
1765.12
1765.12
1765.12
1794.02
1794.02
1794.02
1794.02
1794.02
1794.02
1794.02
