100.0
600.0
600.0
400.0
600.0
300.0
400.0
800.0
1200.0
1200.0
800.0
1200.0
800.0
100.0
-200.0
25.0
50.0
60.0
1000.0
200.0
300.0
-5.0
100.0
-5.0
-5.0
-20.0
-20.0
-200.0
-200.0
-200.0
-200.0
-200.0
-50.0
500.0
400.0
-200.0
500.0
500.0
-200.0
-200.0
-200.0
-200.0
-50.0
-20.0
-20.0
-200.0
-200.0
300.0
-200.0
1000.0
-200.0
400.0
80.0
50.0
50.0
80.0
-20.0
-20.0
-20.0
80.0
300.0
-200.0
-20.0
-20.0
100.0
-20.0
100.0
-4000.0
-200.0
100.0
800.0
600.0
900.0
700.0
60.0
400.0
80.0
300.0
25.0
30.0
25.0
400.0
1200.0
400.0
50.0
400.0
15.0
10.0
20.0
10.0
700.0
800.0
1500.0
1200.0
1500.0
