
samples_per_chain:,66
burnin:,0.1
num params:,425
initial_proposed_vec:,[ 3.83895516e-01  1.50296314e+00  5.66587900e-01  7.20212828e-01
  1.00000000e-06  5.00000000e-01  1.00000000e+00  5.00000000e-03
  1.00000000e-03  1.00000000e-03  5.00000000e-01  5.00000000e+00
  2.40000000e+04  5.00000000e+00  1.00000000e-02 -6.29767399e-02
  1.28970471e-01 -1.91811483e-01 -2.76799945e-01  5.77188565e-03
 -3.82711426e-01  1.32654343e-01 -2.65400863e-01 -2.68039712e-01
 -4.28292810e-01 -1.34664995e-01 -2.40039414e-02 -7.57513754e-01
 -2.57516679e-01 -4.59088798e-01  5.46554098e-01  3.88891951e-01
  8.01015488e-01  6.75989958e-01 -2.95860461e-01 -9.76569788e-01
  3.27038389e-01 -5.99694474e-02  4.27030241e-02 -4.40954770e-01
  9.54250137e-01  5.29613723e-01 -4.57643667e-01  1.55232310e-01
  4.73869047e-01 -4.94166001e-01 -9.90536219e-01  7.94257836e-01
 -1.02079431e-01  4.60668498e-01  6.00345486e-01  8.58663888e-01
  6.24572929e-01  1.34901160e-01  7.27883857e-01 -6.67247869e-01
 -8.15015502e-01  2.48830501e-01 -4.75896255e-02  6.41197713e-01
  1.57852514e-01 -1.60328345e-01 -3.06579787e-01  6.51383994e-01
  4.47426861e-01 -8.89598484e-01  5.97345636e-01 -6.70626459e-01
 -8.38453544e-01  2.15438654e-01  8.87217148e-01  7.08471883e-01
 -4.20581566e-01 -7.61878477e-01  1.53176668e-01  1.88292754e-01
  1.25665210e-01 -9.12110236e-02 -2.95635649e-01  5.63825120e-01
 -5.75080764e-01  8.98589000e-01  3.15787187e-01  8.59357261e-01
 -2.61602087e-02  9.44707802e-01 -7.07671129e-01 -1.86085663e-05
  5.59648468e-02  6.82087155e-01 -9.83165259e-01 -8.93270261e-01
 -1.69425573e-01 -6.94629280e-01  5.65623030e-01 -2.20920207e-01
 -8.98224167e-01 -8.57371332e-01 -9.07094046e-01 -2.44912188e-01
  9.77617785e-01  9.40827933e-01 -2.65581137e-01 -1.90145014e-01
 -5.98702548e-01 -3.39050907e-01  8.24841791e-02 -8.43261565e-01
  9.34500492e-01  1.37927429e-01 -5.11925030e-01  9.30067037e-01
 -7.01362795e-01 -3.41875883e-01 -6.86764537e-01  2.21379722e-01
  4.44437557e-02 -2.65521029e-01  4.86122804e-01 -5.50823379e-01
 -5.54727343e-01  7.76451739e-01  7.27013741e-01 -5.92406429e-01
 -7.59406168e-01  3.88114198e-02 -5.86211136e-01  1.32782217e-02
 -1.02965247e-01  7.20795951e-01 -8.31615997e-01  6.97542842e-01
  3.67815247e-01 -7.36966820e-01  8.78716650e-01  6.81670079e-02
  8.79882250e-02  8.82774522e-01 -1.01184145e-01 -6.96336493e-01
  3.26556342e-01 -9.24825393e-01  5.18712244e-02  5.00252781e-01
 -6.58069485e-01  3.37234945e-01  9.68307195e-01 -8.50139987e-01
  6.34594461e-01 -3.82084291e-01  4.32107373e-01  2.15224533e-01
 -4.80057021e-01 -7.16106449e-01 -1.79367807e-01 -2.10551553e-01
 -5.54057535e-01 -3.22853180e-01 -7.47283799e-01  3.92092766e-01
 -1.45705627e-01 -1.30325306e-01  9.26666291e-01  1.44840499e-01
 -6.72184987e-01  1.93627989e-01  2.73401451e-01  4.67538646e-01
 -1.91820914e-01  4.85764205e-01  2.73923269e-01 -6.09852358e-01
  8.14678935e-01  3.84597955e-01 -5.55755672e-02  1.18965763e-01
  5.56389753e-01 -3.45932863e-01 -1.19152157e-01 -3.11206053e-01
 -7.48428286e-03  3.93553184e-01 -9.67464206e-01  8.44245621e-01
  6.06418153e-01  3.52920092e-01 -7.83284336e-01 -3.91565997e-01
  3.35738852e-01 -5.53799663e-01 -3.58564929e-01  3.12526144e-01
  5.92973562e-01 -8.80387630e-01 -7.61089126e-01 -8.34082383e-02
  9.33371022e-01  9.01973570e-01 -4.97446772e-01 -9.41826061e-01
 -6.13816550e-01 -9.18115634e-01 -1.48697254e-01 -8.41785509e-01
  9.29837322e-01  3.90157690e-01 -6.80169556e-01 -2.43134591e-01
  1.37168509e-03 -4.43228039e-03  6.51549843e-01 -9.49029449e-01
  7.88169608e-01 -1.34589146e-01 -6.97344433e-01  5.62291183e-01
 -1.33864958e-01 -2.89758816e-01 -4.52362200e-01 -9.57708737e-01
  9.31403973e-01 -7.04721462e-01  4.49906660e-02 -6.31075288e-01
  1.94345837e-01  8.86817400e-01 -6.70921976e-01 -5.77936121e-01
 -8.25610243e-01  4.75851976e-01  7.41254256e-01  7.54792389e-01
 -9.82785112e-01 -3.94891323e-01  3.94721026e-01 -1.08617102e-01
 -1.08730996e-01  2.90085928e-01 -7.44116632e-02 -3.63950819e-01
  5.65030722e-01 -3.67425558e-01 -4.93447423e-02 -3.56754837e-01
  8.54510912e-01 -1.26663442e-01 -1.10511001e-01 -2.99814085e-01
 -1.30282316e-02 -6.34234051e-01 -7.81842793e-02 -6.46019450e-01
 -8.32955050e-01  6.39660303e-01 -4.90389446e-01  6.93721848e-01
  6.07347765e-02  6.72993657e-01  1.18779413e-01 -8.98912465e-01
 -3.89966890e-02 -5.26351968e-02 -9.17890811e-01 -1.78285908e-01
  9.57459936e-01  6.89253992e-01  3.12628787e-01 -8.79909655e-01
  6.91652088e-01  8.67131326e-01  5.50381954e-01 -2.27839097e-01
 -3.51634851e-01 -3.22470881e-01  2.27510883e-01 -1.43463570e-01
 -4.31008636e-01 -9.04841376e-01 -8.59563215e-01 -4.42036685e-01
  6.51328739e-01 -3.02608652e-01 -2.35929204e-01 -5.30803736e-01
 -2.16943197e-02 -5.52780310e-01 -3.76852753e-01  7.98238604e-01
 -2.30290157e-02 -7.88752423e-01 -5.08394020e-02  5.56762231e-01
  3.24257107e-01 -2.98724025e-01  3.97227983e-01 -4.30125079e-02
 -5.72375597e-01  6.78015258e-02 -8.27932170e-01 -4.31039800e-01
 -3.44259143e-01  4.89412316e-01 -9.98398093e-01  3.42698031e-01
  6.24478898e-01  3.13611772e-02  9.31644518e-01 -1.15325626e-01
  6.84709793e-01 -5.89869383e-01 -7.43250587e-01  3.68383160e-01
 -6.94287954e-01 -4.77012051e-01 -2.49413968e-01 -9.70111673e-01
  7.94606600e-01  8.71650540e-01 -6.16048324e-01 -8.57640225e-01
 -8.19032126e-01  5.52644838e-02  1.03758991e-01  6.75354041e-01
 -7.27698818e-01  7.39839066e-01 -9.27922251e-01  2.99123464e-01
 -4.27484372e-01  2.88528954e-01 -6.91509597e-01 -6.66546301e-01
  2.89911845e-01  9.77290558e-01  3.51599753e-02 -7.82154692e-02
 -6.23320104e-02 -5.42598073e-01  4.53048879e-01 -1.34918947e-01
  8.97207975e-01 -5.42886352e-01 -1.72175687e-01  6.18048895e-01
  3.94111529e-01  6.96824958e-01  9.54318524e-01  5.68642736e-01
 -7.10533821e-02  8.28899343e-01 -3.73677872e-01  6.66261698e-01
 -5.42297548e-01 -6.42582024e-01 -8.33261226e-01  1.50030360e-01
 -9.36715508e-01  2.86099298e-01  2.96690729e-02 -8.83846431e-02
 -5.57462824e-01 -6.20980676e-01 -2.26973676e-01  2.34438618e-01
  7.91836623e-01  2.07471106e-01 -3.33397208e-02  7.43827533e-01
  5.99187922e-01 -3.80739118e-01  1.14649374e-01 -5.86154164e-01
  1.81681412e-04  1.89201188e-02 -8.84419042e-01 -9.95675698e-01
 -4.44501191e-01 -5.14332250e-01  4.33922232e-01 -6.62418027e-01
 -5.82619958e-01 -2.77947870e-01  7.73646853e-01  5.66751090e-02
 -7.64109849e-01 -6.30562112e-01  3.38423372e-02 -1.74745203e-01
  4.36037389e-01 -6.55013245e-01 -3.98939807e-01  7.83360643e-01
  2.49607867e-01 -8.90800473e-01  4.28423395e-01 -8.31884948e-02
 -4.99932968e-01 -3.09733996e-01 -8.91856660e-01 -6.13536864e-02
 -7.04368917e-01  5.67009771e-01  6.17936185e-01 -9.81956317e-01
  3.77906470e-02  9.52126250e-01  6.58119734e-01  4.48106089e-01
  6.47677943e-01  4.48491769e-01 -5.04979328e-01 -4.51212689e-01
  4.22608428e-01  4.09740753e-01 -2.21268823e-01  8.97251539e-01
 -8.64702927e-01 -6.66279419e-01  2.74786603e-01  3.54865104e-01
 -2.41020145e-01  9.39346028e-01 -9.68479966e-01 -9.17251691e-01
 -3.21020456e-01]
stepsize_vec:,[0.15 0.15 0.15 0.15 0.   0.   0.   0.   0.   0.   0.   0.   0.   0.
 0.   0.04 0.04 0.06 0.06 0.08 0.08 0.09 0.09 0.1  0.1  0.2  0.2  0.2
 0.2  0.2  0.2  0.2  0.2  0.2  0.2  0.2  0.2  0.2  0.2  0.2  0.2  0.2
 0.2  0.2  0.2  0.2  0.2  0.2  0.2  0.2  0.2  0.2  0.2  0.2  0.2  0.2
 0.2  0.2  0.2  0.2  0.2  0.2  0.2  0.2  0.2  0.2  0.2  0.2  0.2  0.2
 0.2  0.2  0.2  0.2  0.2  0.2  0.2  0.2  0.2  0.2  0.2  0.2  0.2  0.2
 0.2  0.2  0.2  0.2  0.2  0.2  0.2  0.2  0.2  0.2  0.2  0.2  0.2  0.2
 0.2  0.2  0.2  0.2  0.2  0.2  0.2  0.2  0.2  0.2  0.2  0.2  0.2  0.2
 0.2  0.2  0.2  0.2  0.2  0.2  0.2  0.2  0.2  0.2  0.2  0.2  0.2  0.2
 0.2  0.2  0.2  0.2  0.2  0.2  0.2  0.2  0.2  0.2  0.2  0.2  0.2  0.2
 0.2  0.2  0.2  0.2  0.2  0.2  0.2  0.2  0.2  0.2  0.2  0.2  0.2  0.2
 0.2  0.2  0.2  0.2  0.2  0.2  0.2  0.2  0.2  0.2  0.2  0.2  0.2  0.2
 0.2  0.2  0.2  0.2  0.2  0.2  0.2  0.2  0.2  0.2  0.2  0.2  0.2  0.2
 0.2  0.2  0.2  0.2  0.2  0.2  0.2  0.2  0.2  0.2  0.2  0.2  0.2  0.2
 0.2  0.2  0.2  0.2  0.2  0.2  0.2  0.2  0.2  0.2  0.2  0.2  0.2  0.2
 0.2  0.2  0.2  0.2  0.2  0.2  0.2  0.2  0.2  0.2  0.2  0.2  0.2  0.2
 0.2  0.2  0.2  0.2  0.2  0.2  0.2  0.2  0.2  0.2  0.2  0.2  0.2  0.2
 0.2  0.2  0.2  0.2  0.2  0.2  0.2  0.2  0.2  0.2  0.2  0.2  0.2  0.2
 0.2  0.2  0.2  0.2  0.2  0.2  0.2  0.2  0.2  0.2  0.2  0.2  0.2  0.2
 0.2  0.2  0.2  0.2  0.2  0.2  0.2  0.2  0.2  0.2  0.2  0.2  0.2  0.2
 0.2  0.2  0.2  0.2  0.2  0.2  0.2  0.2  0.2  0.2  0.2  0.2  0.2  0.2
 0.2  0.2  0.2  0.2  0.2  0.2  0.2  0.2  0.2  0.2  0.2  0.2  0.2  0.2
 0.2  0.2  0.2  0.2  0.2  0.2  0.2  0.2  0.2  0.2  0.2  0.2  0.2  0.2
 0.2  0.2  0.2  0.2  0.2  0.2  0.2  0.2  0.2  0.2  0.2  0.2  0.2  0.2
 0.2  0.2  0.2  0.2  0.2  0.2  0.2  0.2  0.2  0.2  0.2  0.2  0.2  0.2
 0.2  0.2  0.2  0.2  0.2  0.2  0.2  0.2  0.2  0.2  0.2  0.2  0.2  0.2
 0.2  0.2  0.2  0.2  0.2  0.2  0.2  0.2  0.2  0.2  0.2  0.2  0.2  0.2
 0.2  0.2  0.2  0.2  0.2  0.2  0.2  0.2  0.2  0.2  0.2  0.2  0.2  0.2
 0.2  0.2  0.2  0.2  0.2  0.2  0.2  0.2  0.2  0.2  0.2  0.2  0.2  0.2
 0.2  0.2  0.2  0.2  0.2  0.2  0.2  0.2  0.2  0.2  0.2  0.2  0.2  0.2
 0.2  0.2  0.2  0.2  0.2 ]
step_ratio_vec:,[0.1 0.1 0.1 0.1 0.1 0.1 0.1 0.1 0.1 0.1 0.1 0.1 0.1 0.1 0.1 0.1 0.1 0.1
 0.1 0.1 0.1 0.1 0.1 0.1 0.1 0.1 0.1 0.1 0.1 0.1 0.1 0.1 0.1 0.1 0.1 0.1
 0.1 0.1 0.1 0.1 0.1 0.1 0.1 0.1 0.1 0.1 0.1 0.1 0.1 0.1 0.1 0.1 0.1 0.1
 0.1 0.1 0.1 0.1 0.1 0.1 0.1 0.1 0.1 0.1 0.1 0.1 0.1 0.1 0.1 0.1 0.1 0.1
 0.1 0.1 0.1 0.1 0.1 0.1 0.1 0.1 0.1 0.1 0.1 0.1 0.1 0.1 0.1 0.1 0.1 0.1
 0.1 0.1 0.1 0.1 0.1 0.1 0.1 0.1 0.1 0.1 0.1 0.1 0.1 0.1 0.1 0.1 0.1 0.1
 0.1 0.1 0.1 0.1 0.1 0.1 0.1 0.1 0.1 0.1 0.1 0.1 0.1 0.1 0.1 0.1 0.1 0.1
 0.1 0.1 0.1 0.1 0.1 0.1 0.1 0.1 0.1 0.1 0.1 0.1 0.1 0.1 0.1 0.1 0.1 0.1
 0.1 0.1 0.1 0.1 0.1 0.1 0.1 0.1 0.1 0.1 0.1 0.1 0.1 0.1 0.1 0.1 0.1 0.1
 0.1 0.1 0.1 0.1 0.1 0.1 0.1 0.1 0.1 0.1 0.1 0.1 0.1 0.1 0.1 0.1 0.1 0.1
 0.1 0.1 0.1 0.1 0.1 0.1 0.1 0.1 0.1 0.1 0.1 0.1 0.1 0.1 0.1 0.1 0.1 0.1
 0.1 0.1 0.1 0.1 0.1 0.1 0.1 0.1 0.1 0.1 0.1 0.1 0.1 0.1 0.1 0.1 0.1 0.1
 0.1 0.1 0.1 0.1 0.1 0.1 0.1 0.1 0.1 0.1 0.1 0.1 0.1 0.1 0.1 0.1 0.1 0.1
 0.1 0.1 0.1 0.1 0.1 0.1 0.1 0.1 0.1 0.1 0.1 0.1 0.1 0.1 0.1 0.1 0.1 0.1
 0.1 0.1 0.1 0.1 0.1 0.1 0.1 0.1 0.1 0.1 0.1 0.1 0.1 0.1 0.1 0.1 0.1 0.1
 0.1 0.1 0.1 0.1 0.1 0.1 0.1 0.1 0.1 0.1 0.1 0.1 0.1 0.1 0.1 0.1 0.1 0.1
 0.1 0.1 0.1 0.1 0.1 0.1 0.1 0.1 0.1 0.1 0.1 0.1 0.1 0.1 0.1 0.1 0.1 0.1
 0.1 0.1 0.1 0.1 0.1 0.1 0.1 0.1 0.1 0.1 0.1 0.1 0.1 0.1 0.1 0.1 0.1 0.1
 0.1 0.1 0.1 0.1 0.1 0.1 0.1 0.1 0.1 0.1 0.1 0.1 0.1 0.1 0.1 0.1 0.1 0.1
 0.1 0.1 0.1 0.1 0.1 0.1 0.1 0.1 0.1 0.1 0.1 0.1 0.1 0.1 0.1 0.1 0.1 0.1
 0.1 0.1 0.1 0.1 0.1 0.1 0.1 0.1 0.1 0.1 0.1 0.1 0.1 0.1 0.1 0.1 0.1 0.1
 0.1 0.1 0.1 0.1 0.1 0.1 0.1 0.1 0.1 0.1 0.1 0.1 0.1 0.1 0.1 0.1 0.1 0.1
 0.1 0.1 0.1 0.1 0.1 0.1 0.1 0.1 0.1 0.1 0.1 0.1 0.1 0.1 0.1 0.1 0.1 0.1
 0.1 0.1 0.1 0.1 0.1 0.1 0.1 0.1 0.1 0.1 0.1]
swap interval:,2
sim interval:,[-1.49e+08 -1.40e+08 -1.25e+08 -1.15e+08 -1.00e+08 -7.50e+07 -5.00e+07
 -4.00e+07 -3.00e+07 -2.50e+07 -5.00e+06  0.00e+00]
likelihood_sed (T/F):,True
erodep_coords,elev_coords:,[[42 94]
 [42 95]
 [42 96]
 ...
 [96 78]
 [96 79]
 [96 80]]
sed scaling factor:,1
samples_per_chain:,66
burnin:,0.1
num params:,425
initial_proposed_vec:,[ 9.96066411e-01  1.62049990e+00  3.86088958e-01  1.58945062e+00
  1.00000000e-06  5.00000000e-01  1.00000000e+00  5.00000000e-03
  1.00000000e-03  1.00000000e-03  5.00000000e-01  5.00000000e+00
  2.40000000e+04  5.00000000e+00  1.00000000e-02  7.07674945e-02
 -1.67692241e-01  1.48153427e-02  2.85129474e-01  3.60785230e-01
  3.46071370e-01 -3.22347120e-01 -4.17637177e-01  4.80381147e-01
  2.10326101e-01  6.82662776e-01 -1.40674637e-01 -4.06147046e-01
 -2.21122122e-02 -9.07266815e-01 -7.72503477e-01 -8.21825955e-01
 -3.05429242e-03  6.97079442e-01 -1.92797522e-01 -3.11532900e-01
  4.02869821e-01 -1.82602785e-02  1.27147128e-01  4.21174597e-01
 -5.31380964e-02 -2.73139733e-01  2.85210748e-01 -9.69667520e-02
 -6.15965370e-01  6.40132258e-01 -4.82952130e-02  5.63559781e-01
 -2.94059789e-01 -5.09866821e-01  1.58914853e-01 -1.94437090e-01
 -6.99077264e-01  3.04142954e-01 -4.67483840e-01  9.81104130e-02
 -7.89129817e-01  1.31438044e-01 -5.01996190e-01 -5.53445398e-01
 -3.98467010e-01 -3.84699408e-01  7.11775093e-01  2.61493020e-01
 -8.98589530e-02 -7.30741381e-01  9.19908203e-01  2.41854444e-01
 -6.74416537e-01  8.56835319e-01 -1.64640850e-01 -5.11086072e-01
  4.16436019e-01 -2.52956442e-01  5.41887550e-02 -6.11367617e-01
  3.90787833e-01 -8.06265177e-01  8.06303809e-01  4.04076792e-01
 -4.27444427e-01  4.91554046e-01  5.45112381e-01 -9.76423969e-01
 -3.12000029e-01 -9.24868805e-01 -6.03707415e-01  7.43465536e-01
 -2.96012680e-01 -3.83181787e-01  5.72528621e-01  8.97314105e-01
  7.35054771e-01 -4.74936416e-01 -1.48182464e-01  5.73584692e-01
  7.82555149e-01  6.37730437e-01  3.85757118e-01 -7.18119987e-01
 -1.01881789e-01 -3.09489204e-01  6.36474862e-01 -7.54097027e-01
  3.34721828e-01 -3.97984845e-01  7.07413851e-01 -6.45508416e-01
  5.81372720e-01  4.44636675e-01  5.80517583e-01 -9.26373554e-01
 -1.73460416e-01 -6.81504458e-01 -1.57009546e-01 -8.92656398e-01
 -5.57448959e-01 -4.02857689e-01 -3.00069559e-01  7.41012337e-02
 -4.90462138e-01 -5.97556849e-02 -5.64696043e-01  1.95344343e-01
 -6.82325851e-01 -6.66884635e-01 -4.47801284e-01  4.83281891e-01
 -8.84690662e-01 -1.29223226e-01 -6.42182531e-01  9.17235661e-01
  8.61091936e-01  2.84771600e-01  7.64514289e-01  4.19709985e-01
 -5.22425589e-01  5.51682210e-01  1.09495537e-01  3.53309698e-02
  3.82782888e-01  3.59815247e-01 -3.94111731e-01  3.18363689e-01
  1.79774371e-01 -4.65069088e-01 -6.81696749e-01 -9.29486526e-02
  7.32827605e-01  8.32891623e-01  8.55893060e-01  1.00522152e-01
  2.52387992e-01 -1.44352272e-01 -8.10906703e-01 -6.92043739e-01
  2.18214049e-01 -4.47679608e-01  5.47572649e-01  8.39294771e-01
 -4.88094058e-01 -4.06461070e-01 -2.47998158e-01 -7.25715722e-01
  6.05380884e-01 -2.78845881e-01  5.46508738e-01  6.32607555e-01
 -2.89338021e-01 -5.38186650e-01  5.12241690e-01 -7.31163754e-01
 -4.21162918e-02 -7.18802646e-01 -2.50331854e-01 -5.29285184e-01
  3.74796956e-02 -1.28133692e-01 -7.02514165e-01  3.13641068e-01
 -4.93943483e-01  5.62123143e-01  4.76595836e-01  8.69558620e-01
 -5.88742884e-01  7.87016467e-01  4.70572379e-01 -5.33461752e-01
  4.65271980e-01  6.34994761e-01  9.35830830e-01  7.32693670e-01
  6.57923234e-01  2.27855316e-01  7.01755373e-01 -6.03966955e-01
 -6.88164800e-01  6.40274426e-01  4.20904792e-01 -5.21398676e-02
 -7.24183808e-01 -1.49530222e-01  5.42928529e-01  4.96344249e-01
  9.88737226e-01  8.89864846e-01  5.64110430e-01 -2.35031306e-01
 -1.20203052e-01  8.70342348e-01 -6.41490589e-01 -7.09387297e-01
 -6.16396449e-02  2.66579609e-01 -6.91137972e-01  2.27184361e-01
 -9.03474963e-01  1.98609665e-01 -4.23626488e-01  7.03482171e-01
 -1.96248835e-01 -8.86917080e-01  2.65635243e-01 -6.04338142e-01
 -8.76493130e-01 -6.53498465e-01  3.29063856e-01  7.21622317e-01
 -8.79154458e-01 -8.86395940e-01  9.93992584e-01  4.63216456e-02
  1.09973619e-01 -5.92999286e-02  3.46503245e-01  8.00543835e-01
 -5.61778704e-01  1.85354324e-01 -1.03603062e-01  6.72630170e-01
 -8.95145346e-01 -7.69029076e-01 -2.30482873e-02  2.52084278e-02
 -2.59889421e-02  1.38719405e-01 -5.01764414e-01 -4.05167536e-01
  3.01075215e-01 -7.44212961e-01 -1.82646323e-01  2.59818478e-01
 -8.96376745e-01 -2.62825964e-01  8.03699056e-02  6.68127010e-01
  4.14799760e-01 -9.66083212e-01 -2.88688592e-01 -5.10777560e-01
  7.02815242e-01 -2.20970966e-01  2.46306272e-01  7.68591367e-01
  1.25973677e-01 -5.95235628e-01  4.42449467e-01 -9.16189358e-01
 -8.50888058e-01 -7.77234326e-01 -3.44421858e-01 -3.26040648e-01
 -3.09177693e-01 -1.67057502e-01  6.33541180e-01  9.35081392e-01
  9.10154341e-01  5.55767113e-02  6.11367116e-01 -5.28198882e-01
  6.24628575e-01 -7.42167943e-01 -4.01255953e-02  7.47444495e-01
 -1.33388176e-01  4.82816044e-01  1.20835999e-01 -4.60669770e-01
  6.23666921e-01 -3.91902427e-01 -7.69335533e-01 -5.82907705e-01
  6.63049133e-02 -5.98697916e-01 -3.20757894e-01 -3.67903822e-01
  9.87457342e-02 -3.93722683e-01 -6.68512361e-01  2.35866765e-01
 -3.95310654e-01 -5.48311428e-01  9.32071473e-02 -2.85617752e-02
 -1.61418442e-01  9.04436284e-01  1.95397992e-01 -6.06034525e-01
 -1.51734365e-01  2.20046776e-02 -3.44559120e-01 -9.35709975e-01
  6.33724951e-01  4.86687680e-01 -8.05657587e-01  9.79368563e-01
  5.21932207e-01  1.72042554e-01  6.59638186e-01 -8.64861981e-01
  3.23897995e-01  9.42114182e-01 -1.41564114e-02 -1.77859542e-01
 -7.62695237e-01 -9.41296078e-01 -2.04549070e-01  6.41405328e-01
  6.85039105e-01  7.93043860e-02  7.10945424e-01 -2.01571451e-02
  9.13634142e-01 -5.03694165e-01  5.40476123e-01  8.50281990e-02
 -4.78833163e-01  4.04741489e-02  8.16593331e-01 -2.14009814e-02
  2.49691172e-01 -3.38353076e-01 -5.75768095e-02 -8.63754538e-01
  1.92805973e-01 -1.58085068e-02  8.95661741e-01  2.87877507e-01
 -7.64579061e-01  1.29374658e-01  2.21549081e-01  6.28111872e-01
 -6.94453366e-01  8.63455255e-01 -6.52058255e-01 -2.78387171e-01
  3.42020787e-01  1.12097728e-01 -8.51824298e-01 -8.19077926e-01
  4.07930397e-01  1.04595353e-01 -7.76524187e-01  5.05030544e-01
  8.00083259e-01  7.20936693e-01  7.47790037e-01 -8.99937093e-01
 -5.82261020e-01  9.79454022e-01  7.36440887e-01  6.91573042e-01
 -7.48720783e-02  1.99188240e-01 -6.72952891e-01  7.34037863e-01
 -6.73423606e-01 -1.85466347e-01  9.12864667e-02  3.95941525e-02
  4.62340731e-01  9.76024280e-01 -2.64911988e-01 -7.96108492e-01
 -4.41973965e-01  4.32210543e-01 -4.89805052e-01  4.31781552e-01
 -8.02121588e-01  7.90069260e-01  3.96833109e-01 -9.40175824e-01
  8.65401510e-01  3.74750098e-02 -6.70423915e-02  4.52343597e-01
  9.07023933e-01 -1.10590651e-01  9.97157903e-01  6.61831421e-01
  8.48708740e-01  4.56099882e-01 -1.48819156e-01  6.63692093e-01
  6.87647783e-01 -2.49336590e-01  1.92288461e-01 -4.43053619e-01
 -1.16394682e-01  9.85624052e-01 -2.68828293e-01 -8.64221415e-01
  7.57690636e-01 -1.32171738e-01  7.05830617e-01  7.77680656e-01
 -1.48534019e-01 -4.47885794e-01  6.63474867e-01 -1.29702031e-01
  2.78986305e-01  7.27886568e-01 -1.95947423e-01 -4.63715428e-01
  2.90113611e-01]
stepsize_vec:,[0.15 0.15 0.15 0.15 0.   0.   0.   0.   0.   0.   0.   0.   0.   0.
 0.   0.04 0.04 0.06 0.06 0.08 0.08 0.09 0.09 0.1  0.1  0.2  0.2  0.2
 0.2  0.2  0.2  0.2  0.2  0.2  0.2  0.2  0.2  0.2  0.2  0.2  0.2  0.2
 0.2  0.2  0.2  0.2  0.2  0.2  0.2  0.2  0.2  0.2  0.2  0.2  0.2  0.2
 0.2  0.2  0.2  0.2  0.2  0.2  0.2  0.2  0.2  0.2  0.2  0.2  0.2  0.2
 0.2  0.2  0.2  0.2  0.2  0.2  0.2  0.2  0.2  0.2  0.2  0.2  0.2  0.2
 0.2  0.2  0.2  0.2  0.2  0.2  0.2  0.2  0.2  0.2  0.2  0.2  0.2  0.2
 0.2  0.2  0.2  0.2  0.2  0.2  0.2  0.2  0.2  0.2  0.2  0.2  0.2  0.2
 0.2  0.2  0.2  0.2  0.2  0.2  0.2  0.2  0.2  0.2  0.2  0.2  0.2  0.2
 0.2  0.2  0.2  0.2  0.2  0.2  0.2  0.2  0.2  0.2  0.2  0.2  0.2  0.2
 0.2  0.2  0.2  0.2  0.2  0.2  0.2  0.2  0.2  0.2  0.2  0.2  0.2  0.2
 0.2  0.2  0.2  0.2  0.2  0.2  0.2  0.2  0.2  0.2  0.2  0.2  0.2  0.2
 0.2  0.2  0.2  0.2  0.2  0.2  0.2  0.2  0.2  0.2  0.2  0.2  0.2  0.2
 0.2  0.2  0.2  0.2  0.2  0.2  0.2  0.2  0.2  0.2  0.2  0.2  0.2  0.2
 0.2  0.2  0.2  0.2  0.2  0.2  0.2  0.2  0.2  0.2  0.2  0.2  0.2  0.2
 0.2  0.2  0.2  0.2  0.2  0.2  0.2  0.2  0.2  0.2  0.2  0.2  0.2  0.2
 0.2  0.2  0.2  0.2  0.2  0.2  0.2  0.2  0.2  0.2  0.2  0.2  0.2  0.2
 0.2  0.2  0.2  0.2  0.2  0.2  0.2  0.2  0.2  0.2  0.2  0.2  0.2  0.2
 0.2  0.2  0.2  0.2  0.2  0.2  0.2  0.2  0.2  0.2  0.2  0.2  0.2  0.2
 0.2  0.2  0.2  0.2  0.2  0.2  0.2  0.2  0.2  0.2  0.2  0.2  0.2  0.2
 0.2  0.2  0.2  0.2  0.2  0.2  0.2  0.2  0.2  0.2  0.2  0.2  0.2  0.2
 0.2  0.2  0.2  0.2  0.2  0.2  0.2  0.2  0.2  0.2  0.2  0.2  0.2  0.2
 0.2  0.2  0.2  0.2  0.2  0.2  0.2  0.2  0.2  0.2  0.2  0.2  0.2  0.2
 0.2  0.2  0.2  0.2  0.2  0.2  0.2  0.2  0.2  0.2  0.2  0.2  0.2  0.2
 0.2  0.2  0.2  0.2  0.2  0.2  0.2  0.2  0.2  0.2  0.2  0.2  0.2  0.2
 0.2  0.2  0.2  0.2  0.2  0.2  0.2  0.2  0.2  0.2  0.2  0.2  0.2  0.2
 0.2  0.2  0.2  0.2  0.2  0.2  0.2  0.2  0.2  0.2  0.2  0.2  0.2  0.2
 0.2  0.2  0.2  0.2  0.2  0.2  0.2  0.2  0.2  0.2  0.2  0.2  0.2  0.2
 0.2  0.2  0.2  0.2  0.2  0.2  0.2  0.2  0.2  0.2  0.2  0.2  0.2  0.2
 0.2  0.2  0.2  0.2  0.2  0.2  0.2  0.2  0.2  0.2  0.2  0.2  0.2  0.2
 0.2  0.2  0.2  0.2  0.2 ]
step_ratio_vec:,[0.1 0.1 0.1 0.1 0.1 0.1 0.1 0.1 0.1 0.1 0.1 0.1 0.1 0.1 0.1 0.1 0.1 0.1
 0.1 0.1 0.1 0.1 0.1 0.1 0.1 0.1 0.1 0.1 0.1 0.1 0.1 0.1 0.1 0.1 0.1 0.1
 0.1 0.1 0.1 0.1 0.1 0.1 0.1 0.1 0.1 0.1 0.1 0.1 0.1 0.1 0.1 0.1 0.1 0.1
 0.1 0.1 0.1 0.1 0.1 0.1 0.1 0.1 0.1 0.1 0.1 0.1 0.1 0.1 0.1 0.1 0.1 0.1
 0.1 0.1 0.1 0.1 0.1 0.1 0.1 0.1 0.1 0.1 0.1 0.1 0.1 0.1 0.1 0.1 0.1 0.1
 0.1 0.1 0.1 0.1 0.1 0.1 0.1 0.1 0.1 0.1 0.1 0.1 0.1 0.1 0.1 0.1 0.1 0.1
 0.1 0.1 0.1 0.1 0.1 0.1 0.1 0.1 0.1 0.1 0.1 0.1 0.1 0.1 0.1 0.1 0.1 0.1
 0.1 0.1 0.1 0.1 0.1 0.1 0.1 0.1 0.1 0.1 0.1 0.1 0.1 0.1 0.1 0.1 0.1 0.1
 0.1 0.1 0.1 0.1 0.1 0.1 0.1 0.1 0.1 0.1 0.1 0.1 0.1 0.1 0.1 0.1 0.1 0.1
 0.1 0.1 0.1 0.1 0.1 0.1 0.1 0.1 0.1 0.1 0.1 0.1 0.1 0.1 0.1 0.1 0.1 0.1
 0.1 0.1 0.1 0.1 0.1 0.1 0.1 0.1 0.1 0.1 0.1 0.1 0.1 0.1 0.1 0.1 0.1 0.1
 0.1 0.1 0.1 0.1 0.1 0.1 0.1 0.1 0.1 0.1 0.1 0.1 0.1 0.1 0.1 0.1 0.1 0.1
 0.1 0.1 0.1 0.1 0.1 0.1 0.1 0.1 0.1 0.1 0.1 0.1 0.1 0.1 0.1 0.1 0.1 0.1
 0.1 0.1 0.1 0.1 0.1 0.1 0.1 0.1 0.1 0.1 0.1 0.1 0.1 0.1 0.1 0.1 0.1 0.1
 0.1 0.1 0.1 0.1 0.1 0.1 0.1 0.1 0.1 0.1 0.1 0.1 0.1 0.1 0.1 0.1 0.1 0.1
 0.1 0.1 0.1 0.1 0.1 0.1 0.1 0.1 0.1 0.1 0.1 0.1 0.1 0.1 0.1 0.1 0.1 0.1
 0.1 0.1 0.1 0.1 0.1 0.1 0.1 0.1 0.1 0.1 0.1 0.1 0.1 0.1 0.1 0.1 0.1 0.1
 0.1 0.1 0.1 0.1 0.1 0.1 0.1 0.1 0.1 0.1 0.1 0.1 0.1 0.1 0.1 0.1 0.1 0.1
 0.1 0.1 0.1 0.1 0.1 0.1 0.1 0.1 0.1 0.1 0.1 0.1 0.1 0.1 0.1 0.1 0.1 0.1
 0.1 0.1 0.1 0.1 0.1 0.1 0.1 0.1 0.1 0.1 0.1 0.1 0.1 0.1 0.1 0.1 0.1 0.1
 0.1 0.1 0.1 0.1 0.1 0.1 0.1 0.1 0.1 0.1 0.1 0.1 0.1 0.1 0.1 0.1 0.1 0.1
 0.1 0.1 0.1 0.1 0.1 0.1 0.1 0.1 0.1 0.1 0.1 0.1 0.1 0.1 0.1 0.1 0.1 0.1
 0.1 0.1 0.1 0.1 0.1 0.1 0.1 0.1 0.1 0.1 0.1 0.1 0.1 0.1 0.1 0.1 0.1 0.1
 0.1 0.1 0.1 0.1 0.1 0.1 0.1 0.1 0.1 0.1 0.1]
swap interval:,2
sim interval:,[-1.49e+08 -1.40e+08 -1.25e+08 -1.15e+08 -1.00e+08 -7.50e+07 -5.00e+07
 -4.00e+07 -3.00e+07 -2.50e+07 -5.00e+06  0.00e+00]
likelihood_sed (T/F):,True
erodep_coords,elev_coords:,[[42 94]
 [42 95]
 [42 96]
 ...
 [96 78]
 [96 79]
 [96 80]]
sed scaling factor:,1
samples_per_chain:,66
burnin:,0.1
num params:,425
initial_proposed_vec:,[ 1.05345685e+00  1.61441063e+00  1.62496584e+00  8.35913925e-01
  1.00000000e-06  5.00000000e-01  1.00000000e+00  5.00000000e-03
  1.00000000e-03  1.00000000e-03  5.00000000e-01  5.00000000e+00
  2.40000000e+04  5.00000000e+00  1.00000000e-02 -1.27353862e-01
  7.97952388e-02  7.86993235e-02 -4.29192907e-02  3.16811519e-01
  1.33121270e-01  2.56953178e-01  3.71446166e-01  2.26660170e-01
 -5.57318328e-02 -7.95880539e-01  2.39476098e-01 -6.26019164e-01
 -5.70709329e-01  2.50772106e-01 -8.75001543e-01 -6.56247505e-01
  8.63365477e-01  8.35311021e-01  8.11895578e-01  4.18301435e-02
  5.45788348e-01  4.41515756e-01  9.06333668e-01 -6.96467131e-01
  6.39236546e-01  5.04588249e-01 -8.86475902e-01  4.70633428e-01
 -8.69890726e-01  1.67543964e-01  1.78036630e-01  5.17282148e-01
  1.92917324e-01  7.32371377e-01 -5.20364211e-01 -8.21540774e-01
  8.87466505e-02  5.93128335e-02 -6.67953055e-01 -2.57826904e-01
 -1.57031744e-01 -6.72631381e-01  6.78110472e-01  4.09231083e-01
 -1.87028054e-01  7.44078618e-02 -1.20918119e-01 -9.19640602e-01
 -4.73305550e-01 -5.64518490e-01  4.40307969e-01 -3.71096725e-01
 -3.75807027e-01 -7.46953646e-01  4.15404625e-01 -4.10979844e-01
  8.59617369e-01 -7.22038023e-01  6.46408070e-01  9.84722166e-01
 -6.70820391e-01  2.02047078e-01  6.75085196e-01  4.53866290e-01
  7.48986457e-01 -6.68313488e-01  7.79931111e-01  2.16943847e-01
  1.80976495e-01  5.40669528e-01  3.37225430e-01  1.80860070e-01
 -8.61627852e-01 -7.39122551e-01 -3.15950067e-01  7.52857553e-01
  7.51700365e-01  3.63922391e-01 -8.33591966e-01 -3.70758766e-01
 -1.89253200e-01 -1.40711184e-01  6.07880377e-01 -8.49467906e-01
  2.10232816e-01  9.82085737e-01 -4.59008714e-01  3.20701747e-01
 -3.28524337e-01 -2.69751695e-02 -8.01480718e-01 -3.53379532e-01
  8.45513944e-01 -5.90813457e-01 -6.95971944e-02  2.94326393e-01
  3.30858172e-01 -6.31796460e-01 -1.21843447e-01  3.78325588e-01
 -9.73980824e-01  7.42155009e-01  6.75606421e-02 -7.63839563e-01
 -4.87796649e-01  9.67085075e-01  3.72868234e-01  6.40164427e-01
  2.24154956e-01 -9.80072143e-01 -6.67192037e-01 -8.81407220e-01
 -9.97257662e-01 -8.74153699e-01  3.22277759e-01  8.31714386e-01
  6.50523863e-01  1.61557090e-02 -7.19438815e-01 -4.03820543e-01
 -4.73281898e-01  2.61998820e-01  1.53038278e-01 -5.89316478e-01
 -4.26084938e-01  4.51836478e-01  2.62683411e-01 -3.20318219e-01
 -4.30420054e-01 -5.32485955e-01 -1.61365521e-01 -6.59608888e-01
 -2.23991252e-01  3.01603899e-01 -1.74496436e-01 -8.79630644e-01
 -5.75127600e-01  8.02171096e-01  1.86886372e-01  9.00868529e-01
  4.44601167e-01  9.96933797e-01  8.72838735e-01  2.27350252e-01
  7.86560008e-01 -3.72634526e-01 -1.35608244e-01  1.57368364e-01
  7.31063397e-01  5.61587097e-01  8.86944784e-01  6.57619171e-01
 -4.87420296e-01  7.71496225e-01 -4.70203721e-01 -2.08914567e-01
  6.89654461e-01 -3.20914890e-01 -8.47533113e-02  5.95049182e-01
  2.51271176e-01  3.51172150e-01 -2.92857727e-01  6.41173121e-01
  7.14027629e-01  6.23013326e-01  4.71870300e-01  7.65882250e-01
  8.78180942e-01 -5.74236576e-01 -1.64957656e-01  7.47903177e-02
 -7.23806726e-02  2.92065154e-01  8.66494729e-01 -8.87967829e-01
 -5.69018841e-01 -2.10997315e-01  2.50228865e-01 -9.08333954e-02
  6.42879552e-01 -6.19789722e-01  8.21052056e-01 -1.79200577e-02
  2.40542111e-01  8.92818551e-02 -2.44584908e-01  2.43249738e-01
 -4.29090164e-01  7.36757241e-01 -1.36971360e-01 -9.24212146e-01
  5.61824563e-01  7.98996494e-01  3.28593505e-01 -2.58032997e-01
 -1.28387454e-01  1.39227840e-01  9.38891256e-01 -3.14957596e-01
  9.81529527e-01  2.58390162e-01  8.65485675e-01  3.52786284e-01
 -9.24927820e-01 -2.26457407e-01  3.66163892e-01 -2.99805960e-02
 -6.34744547e-01 -2.06750139e-01  5.44539862e-01 -7.63373252e-01
 -3.71103893e-01  1.91405121e-01 -3.96263089e-01  6.34262614e-01
  5.29148268e-01 -1.63423774e-01 -4.43800983e-01  3.50774837e-01
  6.09878024e-01 -5.82561851e-01  8.86733271e-01  4.24130263e-01
  9.46065117e-01  7.47268644e-01  2.41566053e-01 -9.73817655e-01
 -4.57636424e-01 -1.57656218e-01 -3.91073854e-01  9.15729618e-01
  8.90855948e-01  1.21675090e-01  1.79368644e-02  9.76537367e-01
 -3.88272043e-01  6.24276920e-01  7.45936138e-01 -6.93679644e-01
 -2.80675100e-01  5.96846384e-01  8.88226076e-01 -1.83503174e-01
 -8.92508610e-01  8.92738603e-02 -5.98544880e-01  2.42880400e-01
 -2.21432980e-01  1.63487862e-01  5.94486796e-01  3.00213219e-01
 -9.11203822e-01  8.32938666e-01 -8.39915572e-01 -3.35697040e-01
  3.49553195e-02 -4.09136688e-01 -7.05841425e-01  1.46828927e-01
  5.52062026e-02 -2.39090997e-02 -2.29814015e-01 -1.13992325e-02
  7.60265018e-01 -1.82136890e-01  8.46546871e-02 -5.86147925e-01
  2.46702848e-01  5.42327177e-01 -9.14368695e-02 -6.04924837e-01
  7.30868356e-01  2.89054375e-01 -2.25588599e-01  3.67889542e-01
 -6.52441470e-01 -7.38388816e-02 -8.48449082e-01  9.49254354e-01
 -6.14593442e-01 -1.55786052e-01 -6.46670454e-01 -2.89619556e-01
  7.29535199e-01 -3.68167146e-01 -4.47836135e-01  4.05153968e-01
  3.18881195e-01 -7.16952359e-01 -8.73894726e-01 -3.76639756e-01
  6.88179643e-01 -6.56112184e-01 -6.37125079e-01 -7.88069078e-01
 -9.06559627e-01 -2.09097255e-01  9.05803080e-01  4.00934347e-01
  2.10518610e-01 -7.64023395e-01 -5.77303787e-01 -5.78020713e-01
 -8.19351942e-01 -1.91983471e-01  4.43814978e-01 -4.64905136e-01
  7.02853653e-01 -1.45937274e-01  2.69730505e-01 -4.00865311e-01
 -8.87390270e-01 -3.78263703e-01 -9.68668371e-01 -6.06362319e-01
 -2.80352811e-01 -7.92354898e-01 -5.15329358e-01  2.52074908e-01
  9.10527693e-01 -7.58649238e-01 -6.28903755e-01  6.04732398e-01
  1.94662854e-02  9.73671340e-01  8.68960996e-01 -5.03642589e-01
  8.47889742e-01  6.91956284e-01  9.69680436e-01  6.33652674e-01
  4.56675799e-01 -5.09997101e-01 -9.35905315e-01  5.26226369e-01
 -7.84486802e-01 -8.14548322e-01  5.50434728e-01  3.80522933e-01
 -6.28430593e-01 -7.59815455e-01  1.29974765e-01  4.78319469e-01
 -1.14885257e-01 -4.57096857e-01 -3.57563901e-01 -6.72147496e-01
  8.26111245e-01 -4.06985458e-01  6.00062648e-01  8.13577845e-01
  3.13295450e-01  6.30205964e-01  8.74900971e-01 -3.14326089e-01
 -6.34244862e-01 -4.77943142e-01  7.31998145e-01  1.00753124e-02
  8.75144242e-01 -5.03172882e-01 -2.83910981e-01  4.40055545e-01
  2.35399759e-01  8.91390103e-01  4.26399158e-01  4.56588769e-01
  6.99589596e-01  3.32230134e-01 -1.17425380e-01 -8.23032006e-01
 -8.42206362e-01 -5.20107796e-01 -2.98877461e-01  5.53107940e-01
  5.38881249e-02 -3.86851960e-02  1.54222319e-01  6.28873965e-01
  5.64701243e-01 -3.06860278e-01  2.05356510e-01  6.12132122e-01
 -4.05129983e-02  4.97044138e-02  4.60698074e-01 -8.85725667e-01
  3.08971029e-01 -8.16125586e-01 -1.29814479e-02  4.48137926e-01
  6.10366838e-01 -6.47926374e-01  3.72290426e-01 -6.32513365e-01
 -5.26806888e-01 -6.41184868e-01  1.42594762e-01 -3.69172037e-01
 -3.32636113e-01  7.35700325e-01 -9.42405613e-01 -6.79983057e-01
 -4.44853308e-01  1.64831349e-01 -5.00541112e-01  9.53159351e-01
 -7.69232661e-01]
stepsize_vec:,[0.15 0.15 0.15 0.15 0.   0.   0.   0.   0.   0.   0.   0.   0.   0.
 0.   0.04 0.04 0.06 0.06 0.08 0.08 0.09 0.09 0.1  0.1  0.2  0.2  0.2
 0.2  0.2  0.2  0.2  0.2  0.2  0.2  0.2  0.2  0.2  0.2  0.2  0.2  0.2
 0.2  0.2  0.2  0.2  0.2  0.2  0.2  0.2  0.2  0.2  0.2  0.2  0.2  0.2
 0.2  0.2  0.2  0.2  0.2  0.2  0.2  0.2  0.2  0.2  0.2  0.2  0.2  0.2
 0.2  0.2  0.2  0.2  0.2  0.2  0.2  0.2  0.2  0.2  0.2  0.2  0.2  0.2
 0.2  0.2  0.2  0.2  0.2  0.2  0.2  0.2  0.2  0.2  0.2  0.2  0.2  0.2
 0.2  0.2  0.2  0.2  0.2  0.2  0.2  0.2  0.2  0.2  0.2  0.2  0.2  0.2
 0.2  0.2  0.2  0.2  0.2  0.2  0.2  0.2  0.2  0.2  0.2  0.2  0.2  0.2
 0.2  0.2  0.2  0.2  0.2  0.2  0.2  0.2  0.2  0.2  0.2  0.2  0.2  0.2
 0.2  0.2  0.2  0.2  0.2  0.2  0.2  0.2  0.2  0.2  0.2  0.2  0.2  0.2
 0.2  0.2  0.2  0.2  0.2  0.2  0.2  0.2  0.2  0.2  0.2  0.2  0.2  0.2
 0.2  0.2  0.2  0.2  0.2  0.2  0.2  0.2  0.2  0.2  0.2  0.2  0.2  0.2
 0.2  0.2  0.2  0.2  0.2  0.2  0.2  0.2  0.2  0.2  0.2  0.2  0.2  0.2
 0.2  0.2  0.2  0.2  0.2  0.2  0.2  0.2  0.2  0.2  0.2  0.2  0.2  0.2
 0.2  0.2  0.2  0.2  0.2  0.2  0.2  0.2  0.2  0.2  0.2  0.2  0.2  0.2
 0.2  0.2  0.2  0.2  0.2  0.2  0.2  0.2  0.2  0.2  0.2  0.2  0.2  0.2
 0.2  0.2  0.2  0.2  0.2  0.2  0.2  0.2  0.2  0.2  0.2  0.2  0.2  0.2
 0.2  0.2  0.2  0.2  0.2  0.2  0.2  0.2  0.2  0.2  0.2  0.2  0.2  0.2
 0.2  0.2  0.2  0.2  0.2  0.2  0.2  0.2  0.2  0.2  0.2  0.2  0.2  0.2
 0.2  0.2  0.2  0.2  0.2  0.2  0.2  0.2  0.2  0.2  0.2  0.2  0.2  0.2
 0.2  0.2  0.2  0.2  0.2  0.2  0.2  0.2  0.2  0.2  0.2  0.2  0.2  0.2
 0.2  0.2  0.2  0.2  0.2  0.2  0.2  0.2  0.2  0.2  0.2  0.2  0.2  0.2
 0.2  0.2  0.2  0.2  0.2  0.2  0.2  0.2  0.2  0.2  0.2  0.2  0.2  0.2
 0.2  0.2  0.2  0.2  0.2  0.2  0.2  0.2  0.2  0.2  0.2  0.2  0.2  0.2
 0.2  0.2  0.2  0.2  0.2  0.2  0.2  0.2  0.2  0.2  0.2  0.2  0.2  0.2
 0.2  0.2  0.2  0.2  0.2  0.2  0.2  0.2  0.2  0.2  0.2  0.2  0.2  0.2
 0.2  0.2  0.2  0.2  0.2  0.2  0.2  0.2  0.2  0.2  0.2  0.2  0.2  0.2
 0.2  0.2  0.2  0.2  0.2  0.2  0.2  0.2  0.2  0.2  0.2  0.2  0.2  0.2
 0.2  0.2  0.2  0.2  0.2  0.2  0.2  0.2  0.2  0.2  0.2  0.2  0.2  0.2
 0.2  0.2  0.2  0.2  0.2 ]
step_ratio_vec:,[0.1 0.1 0.1 0.1 0.1 0.1 0.1 0.1 0.1 0.1 0.1 0.1 0.1 0.1 0.1 0.1 0.1 0.1
 0.1 0.1 0.1 0.1 0.1 0.1 0.1 0.1 0.1 0.1 0.1 0.1 0.1 0.1 0.1 0.1 0.1 0.1
 0.1 0.1 0.1 0.1 0.1 0.1 0.1 0.1 0.1 0.1 0.1 0.1 0.1 0.1 0.1 0.1 0.1 0.1
 0.1 0.1 0.1 0.1 0.1 0.1 0.1 0.1 0.1 0.1 0.1 0.1 0.1 0.1 0.1 0.1 0.1 0.1
 0.1 0.1 0.1 0.1 0.1 0.1 0.1 0.1 0.1 0.1 0.1 0.1 0.1 0.1 0.1 0.1 0.1 0.1
 0.1 0.1 0.1 0.1 0.1 0.1 0.1 0.1 0.1 0.1 0.1 0.1 0.1 0.1 0.1 0.1 0.1 0.1
 0.1 0.1 0.1 0.1 0.1 0.1 0.1 0.1 0.1 0.1 0.1 0.1 0.1 0.1 0.1 0.1 0.1 0.1
 0.1 0.1 0.1 0.1 0.1 0.1 0.1 0.1 0.1 0.1 0.1 0.1 0.1 0.1 0.1 0.1 0.1 0.1
 0.1 0.1 0.1 0.1 0.1 0.1 0.1 0.1 0.1 0.1 0.1 0.1 0.1 0.1 0.1 0.1 0.1 0.1
 0.1 0.1 0.1 0.1 0.1 0.1 0.1 0.1 0.1 0.1 0.1 0.1 0.1 0.1 0.1 0.1 0.1 0.1
 0.1 0.1 0.1 0.1 0.1 0.1 0.1 0.1 0.1 0.1 0.1 0.1 0.1 0.1 0.1 0.1 0.1 0.1
 0.1 0.1 0.1 0.1 0.1 0.1 0.1 0.1 0.1 0.1 0.1 0.1 0.1 0.1 0.1 0.1 0.1 0.1
 0.1 0.1 0.1 0.1 0.1 0.1 0.1 0.1 0.1 0.1 0.1 0.1 0.1 0.1 0.1 0.1 0.1 0.1
 0.1 0.1 0.1 0.1 0.1 0.1 0.1 0.1 0.1 0.1 0.1 0.1 0.1 0.1 0.1 0.1 0.1 0.1
 0.1 0.1 0.1 0.1 0.1 0.1 0.1 0.1 0.1 0.1 0.1 0.1 0.1 0.1 0.1 0.1 0.1 0.1
 0.1 0.1 0.1 0.1 0.1 0.1 0.1 0.1 0.1 0.1 0.1 0.1 0.1 0.1 0.1 0.1 0.1 0.1
 0.1 0.1 0.1 0.1 0.1 0.1 0.1 0.1 0.1 0.1 0.1 0.1 0.1 0.1 0.1 0.1 0.1 0.1
 0.1 0.1 0.1 0.1 0.1 0.1 0.1 0.1 0.1 0.1 0.1 0.1 0.1 0.1 0.1 0.1 0.1 0.1
 0.1 0.1 0.1 0.1 0.1 0.1 0.1 0.1 0.1 0.1 0.1 0.1 0.1 0.1 0.1 0.1 0.1 0.1
 0.1 0.1 0.1 0.1 0.1 0.1 0.1 0.1 0.1 0.1 0.1 0.1 0.1 0.1 0.1 0.1 0.1 0.1
 0.1 0.1 0.1 0.1 0.1 0.1 0.1 0.1 0.1 0.1 0.1 0.1 0.1 0.1 0.1 0.1 0.1 0.1
 0.1 0.1 0.1 0.1 0.1 0.1 0.1 0.1 0.1 0.1 0.1 0.1 0.1 0.1 0.1 0.1 0.1 0.1
 0.1 0.1 0.1 0.1 0.1 0.1 0.1 0.1 0.1 0.1 0.1 0.1 0.1 0.1 0.1 0.1 0.1 0.1
 0.1 0.1 0.1 0.1 0.1 0.1 0.1 0.1 0.1 0.1 0.1]
swap interval:,2
sim interval:,[-1.49e+08 -1.40e+08 -1.25e+08 -1.15e+08 -1.00e+08 -7.50e+07 -5.00e+07
 -4.00e+07 -3.00e+07 -2.50e+07 -5.00e+06  0.00e+00]
likelihood_sed (T/F):,True
erodep_coords,elev_coords:,[[42 94]
 [42 95]
 [42 96]
 ...
 [96 78]
 [96 79]
 [96 80]]
sed scaling factor:,1
samples_per_chain:,66
burnin:,0.1
num params:,425
initial_proposed_vec:,[ 1.49960409e+00  6.75389188e-01  8.44557716e-01  1.49764119e+00
  1.00000000e-06  5.00000000e-01  1.00000000e+00  5.00000000e-03
  1.00000000e-03  1.00000000e-03  5.00000000e-01  5.00000000e+00
  2.40000000e+04  5.00000000e+00  1.00000000e-02 -1.15135760e-01
  3.63024858e-02 -2.66533469e-01 -5.00211677e-02  3.45344975e-01
  3.99704080e-01  5.51138851e-02  3.77319482e-01 -2.10847880e-01
 -4.81047332e-01  9.91954358e-01 -4.30981164e-01 -9.64138293e-01
  1.11783248e-02 -8.77755237e-01 -9.95247695e-02  3.81349657e-01
 -9.34896107e-01  8.52902760e-01  6.19045547e-01 -2.77961844e-01
  8.01951364e-02 -6.60345485e-01  1.44765311e-01 -5.61811947e-01
  2.81141440e-01  7.60717474e-01 -3.97486136e-01  9.41422192e-01
  5.79162162e-01  2.54657259e-01  5.12629345e-01 -2.03622270e-01
  1.89822399e-01 -2.01488592e-01  7.12787298e-01  8.62965999e-01
 -9.13976107e-01  3.40156065e-01  8.13364495e-01  5.52022227e-01
 -4.78577888e-01  8.82068137e-01 -1.05660306e-01 -1.26774926e-01
  4.13877546e-01  5.13510773e-01 -8.96771636e-01  7.31155284e-01
 -1.57318787e-01  3.76620579e-01  6.43733122e-01 -8.85633959e-01
  9.25614930e-01  5.70261514e-01  1.67645109e-01 -7.39350644e-01
 -2.03869052e-01 -3.94071647e-01  4.27883055e-01  6.13633869e-01
  1.54920236e-01 -7.58285840e-03  2.80838738e-01  2.47301450e-01
 -3.64284215e-01 -5.85190533e-01 -9.87073811e-01  5.56009613e-01
  8.77560302e-01 -6.90556466e-01 -8.01733442e-01 -1.98876514e-01
 -1.60729574e-01 -8.84972059e-01 -7.18596489e-01 -7.70240094e-01
  1.44846685e-01  9.40741616e-01 -6.79406627e-01  5.26907467e-01
 -1.93716629e-01  7.98489694e-01  7.42303892e-01 -6.65439916e-01
 -3.71082542e-02  1.02964730e-01  3.23637260e-01  5.24556709e-01
 -8.02920455e-01 -7.59075843e-01 -9.42160035e-02 -1.18632591e-01
  1.07064134e-01 -5.03550704e-01 -5.53106648e-01 -2.40824289e-01
  1.59200343e-02 -9.78806848e-01 -1.85771820e-01 -2.77306312e-01
  5.42253564e-02  6.76011106e-02 -3.91493342e-01  7.74801749e-01
  9.68953552e-01  1.07856048e-01 -2.38551415e-01  3.01974701e-01
  3.62952168e-01 -8.29217013e-01 -1.96122108e-01  7.79196331e-02
  1.03686729e-01  8.49864049e-02  3.46083115e-01  9.69511306e-02
 -7.29454146e-01  3.76550535e-01  7.33917735e-01  7.19432378e-01
 -8.50704707e-01  6.97276651e-01  8.27294360e-02 -1.74567768e-01
 -9.86621313e-01 -7.84250982e-01 -1.19971156e-01 -8.87319968e-01
  3.15143604e-01 -9.51699721e-01  6.70242334e-02  2.03731045e-01
  6.51304701e-01  6.00230446e-01  3.11758772e-01 -5.42616116e-01
  8.80908388e-01 -1.93232616e-01  6.83864141e-01 -5.71655674e-01
 -8.69426961e-02 -1.02246363e-01 -7.45580271e-01 -2.36673138e-01
 -6.46066859e-01  1.75243961e-01 -2.98013145e-01 -9.51237217e-01
  3.43288192e-01  3.20991927e-01 -5.43400060e-01 -3.42402384e-01
 -8.32619098e-01 -9.84929628e-01  1.16711396e-04  7.66566600e-01
 -4.53062293e-01 -1.16530601e-01  9.81063733e-01  5.76787465e-01
 -7.58485680e-02 -5.81985020e-01 -5.32104275e-01 -9.41987940e-01
  4.21345573e-01  9.09854147e-01 -9.41331856e-01 -6.77115414e-01
  6.17959418e-01 -6.28040988e-01  9.99544809e-01  2.14477344e-01
  4.88305037e-01 -8.95741315e-01  3.18942184e-02 -8.21681310e-01
 -4.52938950e-02  7.14056382e-02 -3.70838051e-01 -6.71075530e-01
 -6.96549810e-01  4.76649874e-01  9.05216733e-01 -3.99360871e-01
  4.07574692e-01 -7.30592794e-01  5.00131157e-01  4.33317821e-01
 -5.66788998e-01 -7.88956406e-02 -1.69039722e-01  1.92286230e-01
  4.47943623e-01 -9.80814283e-01  1.76997827e-01  1.57309751e-01
 -6.56060102e-01  6.99767001e-01  7.08969793e-01  6.48669500e-01
 -9.46532062e-01  9.90124089e-01 -4.57067547e-01 -2.72202649e-01
 -7.39677742e-01  5.74352724e-01  7.23611315e-02 -4.89330396e-02
 -1.36745565e-03 -4.16587247e-01 -1.90807956e-01  4.28584987e-01
 -5.80773191e-02  1.15352704e-01  1.81041400e-01 -2.48777287e-01
 -1.62684288e-01  2.86347080e-01 -9.47635715e-01 -8.49883334e-01
  1.47853703e-01 -9.73521031e-01 -9.12324638e-01  4.05683615e-01
  6.05855544e-01  2.06067727e-01 -2.31551924e-01 -1.89697029e-01
 -7.21717571e-01 -4.77187496e-01 -6.68988703e-01 -1.56314361e-01
 -6.86377440e-01 -5.17727177e-01  2.91667909e-01  2.84325196e-01
 -6.42909996e-01 -2.54205339e-01  6.26121756e-01 -6.58252176e-01
 -1.95390472e-01 -4.06800182e-01 -9.91692296e-01  3.04895049e-01
 -7.28217138e-01 -3.61738195e-01 -8.03373289e-01 -6.39093435e-01
  5.01795002e-01  6.99753813e-02 -8.32156159e-01 -9.37282524e-01
 -4.29576940e-01 -9.06757471e-01  5.86719079e-02 -5.89996421e-01
  5.62164360e-01  8.71963641e-01 -2.24136909e-01 -6.39614694e-01
 -6.18027870e-01 -1.04322996e-01 -4.41629606e-01 -3.42598135e-01
 -1.33978680e-01  7.13208592e-01  5.26019803e-01 -2.89761308e-01
  9.31084705e-01  8.58515040e-01  4.46827969e-01  8.86714123e-02
  4.32526904e-01 -9.72449536e-01  6.25056590e-02 -7.06771833e-01
 -6.15718361e-01 -6.78359881e-01  9.53910075e-01 -9.52286877e-01
  6.56426349e-03 -7.04397676e-01  2.43106486e-01 -4.17278909e-02
  9.40831884e-01 -8.32634356e-01  2.88881397e-01  6.24760309e-01
 -1.12542116e-01 -7.25000107e-01  8.79323496e-01 -6.69704641e-01
  4.04490146e-01 -1.73733780e-01  8.38049420e-01 -8.09370639e-01
 -4.62841901e-01 -9.94392906e-01  4.90430839e-01 -6.54934859e-01
 -2.75822846e-01  2.06030573e-01 -5.46523332e-01 -9.52489279e-01
  5.55381314e-01  5.28879042e-02  8.06175865e-01  3.80539902e-01
 -3.30843981e-01 -7.50556115e-01 -3.71296873e-01 -4.59482176e-01
  5.83138573e-01 -8.55918749e-01 -7.01645168e-01 -3.86794201e-01
 -5.93222852e-01 -7.05114986e-01  1.19082189e-01  9.57741653e-01
 -8.85613326e-01 -6.52393882e-01 -6.29855064e-01  6.16287655e-02
 -5.24756116e-01 -1.86799937e-01 -9.74764776e-02 -9.88474361e-01
 -4.66300881e-01  4.45800683e-01 -2.80846951e-01 -9.18456615e-01
 -5.39900522e-01  5.34650495e-01 -8.20797332e-02  4.87602736e-02
  5.28789739e-01 -7.23573597e-01  9.63698315e-01  5.21305735e-01
  6.73468411e-01 -6.86839600e-01 -5.90036186e-01 -7.12000958e-01
  2.39766010e-02 -5.47733880e-01  5.04356101e-01 -8.48775111e-01
  4.37438992e-01 -8.91310089e-01 -6.47248720e-01  4.77183569e-01
  8.60851585e-01  2.59415208e-01  7.20311346e-01  1.50103495e-01
 -6.04220504e-01  9.63774949e-01 -4.80431525e-01  4.81371270e-01
  6.33853293e-01  8.02971671e-02 -5.67669272e-01  6.07652670e-01
 -9.16296950e-01  9.77900903e-01 -1.56539932e-02  5.27232383e-01
  5.88340576e-01 -6.13139298e-01 -9.28105399e-01  9.60357061e-01
 -8.17911403e-01  9.68738068e-02  4.02133572e-01 -3.55710658e-01
  1.10539164e-01 -3.10714741e-01  2.61159851e-01 -5.01725315e-01
 -2.76123016e-02 -4.44834560e-01 -8.91718216e-01  5.90656532e-01
 -1.25635948e-01  2.29928960e-01 -6.88529948e-01  6.99877956e-01
 -3.93948036e-01  7.92754497e-02  5.43479637e-01 -9.46713574e-01
 -5.16250976e-01  2.69231595e-03 -1.55529530e-01 -8.10596086e-01
  2.95069160e-01  3.36431859e-01  2.74209943e-01 -6.36085039e-01
  7.26366538e-01 -7.47144674e-01  1.89821251e-01  5.58641294e-01
 -2.54778365e-02 -6.58803509e-01  3.88589286e-01  6.84922291e-01
 -6.34095072e-01]
stepsize_vec:,[0.15 0.15 0.15 0.15 0.   0.   0.   0.   0.   0.   0.   0.   0.   0.
 0.   0.04 0.04 0.06 0.06 0.08 0.08 0.09 0.09 0.1  0.1  0.2  0.2  0.2
 0.2  0.2  0.2  0.2  0.2  0.2  0.2  0.2  0.2  0.2  0.2  0.2  0.2  0.2
 0.2  0.2  0.2  0.2  0.2  0.2  0.2  0.2  0.2  0.2  0.2  0.2  0.2  0.2
 0.2  0.2  0.2  0.2  0.2  0.2  0.2  0.2  0.2  0.2  0.2  0.2  0.2  0.2
 0.2  0.2  0.2  0.2  0.2  0.2  0.2  0.2  0.2  0.2  0.2  0.2  0.2  0.2
 0.2  0.2  0.2  0.2  0.2  0.2  0.2  0.2  0.2  0.2  0.2  0.2  0.2  0.2
 0.2  0.2  0.2  0.2  0.2  0.2  0.2  0.2  0.2  0.2  0.2  0.2  0.2  0.2
 0.2  0.2  0.2  0.2  0.2  0.2  0.2  0.2  0.2  0.2  0.2  0.2  0.2  0.2
 0.2  0.2  0.2  0.2  0.2  0.2  0.2  0.2  0.2  0.2  0.2  0.2  0.2  0.2
 0.2  0.2  0.2  0.2  0.2  0.2  0.2  0.2  0.2  0.2  0.2  0.2  0.2  0.2
 0.2  0.2  0.2  0.2  0.2  0.2  0.2  0.2  0.2  0.2  0.2  0.2  0.2  0.2
 0.2  0.2  0.2  0.2  0.2  0.2  0.2  0.2  0.2  0.2  0.2  0.2  0.2  0.2
 0.2  0.2  0.2  0.2  0.2  0.2  0.2  0.2  0.2  0.2  0.2  0.2  0.2  0.2
 0.2  0.2  0.2  0.2  0.2  0.2  0.2  0.2  0.2  0.2  0.2  0.2  0.2  0.2
 0.2  0.2  0.2  0.2  0.2  0.2  0.2  0.2  0.2  0.2  0.2  0.2  0.2  0.2
 0.2  0.2  0.2  0.2  0.2  0.2  0.2  0.2  0.2  0.2  0.2  0.2  0.2  0.2
 0.2  0.2  0.2  0.2  0.2  0.2  0.2  0.2  0.2  0.2  0.2  0.2  0.2  0.2
 0.2  0.2  0.2  0.2  0.2  0.2  0.2  0.2  0.2  0.2  0.2  0.2  0.2  0.2
 0.2  0.2  0.2  0.2  0.2  0.2  0.2  0.2  0.2  0.2  0.2  0.2  0.2  0.2
 0.2  0.2  0.2  0.2  0.2  0.2  0.2  0.2  0.2  0.2  0.2  0.2  0.2  0.2
 0.2  0.2  0.2  0.2  0.2  0.2  0.2  0.2  0.2  0.2  0.2  0.2  0.2  0.2
 0.2  0.2  0.2  0.2  0.2  0.2  0.2  0.2  0.2  0.2  0.2  0.2  0.2  0.2
 0.2  0.2  0.2  0.2  0.2  0.2  0.2  0.2  0.2  0.2  0.2  0.2  0.2  0.2
 0.2  0.2  0.2  0.2  0.2  0.2  0.2  0.2  0.2  0.2  0.2  0.2  0.2  0.2
 0.2  0.2  0.2  0.2  0.2  0.2  0.2  0.2  0.2  0.2  0.2  0.2  0.2  0.2
 0.2  0.2  0.2  0.2  0.2  0.2  0.2  0.2  0.2  0.2  0.2  0.2  0.2  0.2
 0.2  0.2  0.2  0.2  0.2  0.2  0.2  0.2  0.2  0.2  0.2  0.2  0.2  0.2
 0.2  0.2  0.2  0.2  0.2  0.2  0.2  0.2  0.2  0.2  0.2  0.2  0.2  0.2
 0.2  0.2  0.2  0.2  0.2  0.2  0.2  0.2  0.2  0.2  0.2  0.2  0.2  0.2
 0.2  0.2  0.2  0.2  0.2 ]
step_ratio_vec:,[0.1 0.1 0.1 0.1 0.1 0.1 0.1 0.1 0.1 0.1 0.1 0.1 0.1 0.1 0.1 0.1 0.1 0.1
 0.1 0.1 0.1 0.1 0.1 0.1 0.1 0.1 0.1 0.1 0.1 0.1 0.1 0.1 0.1 0.1 0.1 0.1
 0.1 0.1 0.1 0.1 0.1 0.1 0.1 0.1 0.1 0.1 0.1 0.1 0.1 0.1 0.1 0.1 0.1 0.1
 0.1 0.1 0.1 0.1 0.1 0.1 0.1 0.1 0.1 0.1 0.1 0.1 0.1 0.1 0.1 0.1 0.1 0.1
 0.1 0.1 0.1 0.1 0.1 0.1 0.1 0.1 0.1 0.1 0.1 0.1 0.1 0.1 0.1 0.1 0.1 0.1
 0.1 0.1 0.1 0.1 0.1 0.1 0.1 0.1 0.1 0.1 0.1 0.1 0.1 0.1 0.1 0.1 0.1 0.1
 0.1 0.1 0.1 0.1 0.1 0.1 0.1 0.1 0.1 0.1 0.1 0.1 0.1 0.1 0.1 0.1 0.1 0.1
 0.1 0.1 0.1 0.1 0.1 0.1 0.1 0.1 0.1 0.1 0.1 0.1 0.1 0.1 0.1 0.1 0.1 0.1
 0.1 0.1 0.1 0.1 0.1 0.1 0.1 0.1 0.1 0.1 0.1 0.1 0.1 0.1 0.1 0.1 0.1 0.1
 0.1 0.1 0.1 0.1 0.1 0.1 0.1 0.1 0.1 0.1 0.1 0.1 0.1 0.1 0.1 0.1 0.1 0.1
 0.1 0.1 0.1 0.1 0.1 0.1 0.1 0.1 0.1 0.1 0.1 0.1 0.1 0.1 0.1 0.1 0.1 0.1
 0.1 0.1 0.1 0.1 0.1 0.1 0.1 0.1 0.1 0.1 0.1 0.1 0.1 0.1 0.1 0.1 0.1 0.1
 0.1 0.1 0.1 0.1 0.1 0.1 0.1 0.1 0.1 0.1 0.1 0.1 0.1 0.1 0.1 0.1 0.1 0.1
 0.1 0.1 0.1 0.1 0.1 0.1 0.1 0.1 0.1 0.1 0.1 0.1 0.1 0.1 0.1 0.1 0.1 0.1
 0.1 0.1 0.1 0.1 0.1 0.1 0.1 0.1 0.1 0.1 0.1 0.1 0.1 0.1 0.1 0.1 0.1 0.1
 0.1 0.1 0.1 0.1 0.1 0.1 0.1 0.1 0.1 0.1 0.1 0.1 0.1 0.1 0.1 0.1 0.1 0.1
 0.1 0.1 0.1 0.1 0.1 0.1 0.1 0.1 0.1 0.1 0.1 0.1 0.1 0.1 0.1 0.1 0.1 0.1
 0.1 0.1 0.1 0.1 0.1 0.1 0.1 0.1 0.1 0.1 0.1 0.1 0.1 0.1 0.1 0.1 0.1 0.1
 0.1 0.1 0.1 0.1 0.1 0.1 0.1 0.1 0.1 0.1 0.1 0.1 0.1 0.1 0.1 0.1 0.1 0.1
 0.1 0.1 0.1 0.1 0.1 0.1 0.1 0.1 0.1 0.1 0.1 0.1 0.1 0.1 0.1 0.1 0.1 0.1
 0.1 0.1 0.1 0.1 0.1 0.1 0.1 0.1 0.1 0.1 0.1 0.1 0.1 0.1 0.1 0.1 0.1 0.1
 0.1 0.1 0.1 0.1 0.1 0.1 0.1 0.1 0.1 0.1 0.1 0.1 0.1 0.1 0.1 0.1 0.1 0.1
 0.1 0.1 0.1 0.1 0.1 0.1 0.1 0.1 0.1 0.1 0.1 0.1 0.1 0.1 0.1 0.1 0.1 0.1
 0.1 0.1 0.1 0.1 0.1 0.1 0.1 0.1 0.1 0.1 0.1]
swap interval:,2
sim interval:,[-1.49e+08 -1.40e+08 -1.25e+08 -1.15e+08 -1.00e+08 -7.50e+07 -5.00e+07
 -4.00e+07 -3.00e+07 -2.50e+07 -5.00e+06  0.00e+00]
likelihood_sed (T/F):,True
erodep_coords,elev_coords:,[[42 94]
 [42 95]
 [42 96]
 ...
 [96 78]
 [96 79]
 [96 80]]
sed scaling factor:,1
samples_per_chain:,66
burnin:,0.1
num params:,425
initial_proposed_vec:,[ 1.52664136e+00  6.82418914e-01  8.16884116e-01  7.85552368e-01
  1.00000000e-06  5.00000000e-01  1.00000000e+00  5.00000000e-03
  1.00000000e-03  1.00000000e-03  5.00000000e-01  5.00000000e+00
  2.40000000e+04  5.00000000e+00  1.00000000e-02 -1.95456790e-01
  3.72881135e-02  7.32791334e-02  1.92050764e-01 -1.26113709e-01
 -3.99411510e-02 -6.34439134e-02  3.47373657e-01 -2.08412342e-01
  3.77894704e-01  2.90377775e-02  5.53466496e-01  8.45576923e-01
  5.27701051e-01  9.86114508e-01 -5.12489924e-01  8.40246817e-01
  8.10053165e-01  2.89107037e-01  9.92776474e-01  3.02664814e-01
  7.72603011e-01  8.92415767e-01  9.18777371e-01 -5.42082917e-01
 -9.70809884e-01  8.62215682e-02  5.86512333e-01  1.73816314e-01
 -9.61279214e-01  1.81993382e-01 -7.80459567e-01 -1.64484212e-01
 -5.69939912e-01  4.01949189e-01  9.45283805e-02 -4.67010722e-01
 -3.33750415e-01 -1.52289464e-01 -9.53031417e-01 -2.82145259e-01
 -7.45250890e-01  2.17900544e-02 -8.77772586e-01  9.09533822e-01
 -9.86172797e-01 -8.37991016e-01  8.72227660e-01  3.33255126e-01
 -4.07995110e-01  9.87887459e-01  9.88237705e-01 -3.44864876e-01
  4.42499852e-01  7.72597981e-02  7.15303858e-01 -5.41081477e-01
  3.60518547e-01  5.67339072e-01 -2.95835030e-01  9.08756560e-01
  2.49117636e-01  6.24283227e-01 -5.95285595e-01  2.27902089e-01
  4.68129368e-01 -7.48273813e-01  3.81047662e-01 -5.67634600e-01
 -6.92208683e-01 -3.48116842e-01 -7.59873017e-01  1.32583196e-01
 -5.35762590e-01 -1.76802603e-01 -4.11602632e-01  7.20839078e-01
 -5.76828224e-01  5.99359168e-01 -8.60465722e-01 -7.70559469e-03
 -5.43497350e-02 -3.41662902e-01  3.67230904e-01 -7.64786177e-01
 -7.19447392e-01  4.46377283e-01  2.03286649e-02 -8.99563153e-01
  5.56643132e-01  7.99260992e-01 -4.85732420e-01 -8.34276343e-01
  9.12622294e-01 -8.41169708e-01 -4.52131236e-02  9.53744636e-01
  3.98187593e-01  2.47292991e-01  3.13368736e-01  2.15440654e-01
 -6.36243173e-01 -8.63649134e-01 -4.29970579e-01 -3.83228386e-01
  6.07486197e-01 -2.29745664e-01  1.15522123e-01 -4.11330256e-02
 -3.52733542e-01  1.70867281e-01 -8.93259243e-02 -9.15594874e-01
  9.97538635e-01 -3.61460788e-02  5.50068961e-01  2.21313710e-01
  8.12641797e-01 -4.73028745e-01  3.62705123e-01 -7.53540636e-01
 -2.44060860e-02 -8.92909418e-01  1.18073531e-01  6.92293819e-01
 -2.35554598e-01 -4.53030707e-01 -6.14178044e-01 -3.45732791e-01
 -7.18923167e-01  7.14823117e-01  1.69314968e-01  6.19765665e-01
  4.97301206e-01 -1.28354604e-01  7.21297061e-01  8.49482838e-01
 -1.24748541e-01 -5.50576939e-01 -5.97995650e-01 -2.65315598e-01
 -4.73308928e-01  4.42090457e-02 -4.38580501e-01  8.53538599e-01
 -3.87921981e-01 -1.58982256e-01 -3.97525368e-01  8.56317160e-01
 -3.52573492e-01 -7.98211843e-01 -8.14445124e-01  9.60855863e-01
  1.83499065e-01  4.04917222e-01 -3.67341358e-01  4.11549909e-01
  7.95503643e-01 -5.52554975e-01  5.16060916e-01  8.76625975e-02
  6.72766984e-01 -1.83970775e-01  4.31313465e-02 -5.89901908e-01
  6.24880497e-01 -6.96884715e-01  2.80658909e-02 -5.68084145e-01
 -1.64377862e-01  5.50528006e-02 -6.88716559e-01 -7.43994801e-01
  8.17956834e-01  5.17173519e-01  5.79987025e-02 -6.42868804e-01
 -8.04911623e-01 -1.78043665e-01 -6.79121928e-01  7.00955740e-01
 -2.88737999e-01  8.42021020e-01 -3.63875953e-01 -4.21742440e-01
 -7.96975778e-02 -3.01844696e-01 -8.63049951e-01 -5.79902045e-01
 -5.64420506e-01 -9.84752123e-01  7.33135007e-01  1.59369814e-01
 -5.59885155e-01  4.82520504e-01 -3.99469676e-01 -6.52660620e-01
 -9.66753248e-01  5.54264565e-01  6.02375068e-01  5.52391810e-01
 -5.46369241e-01  4.22234459e-01 -9.62381218e-01  6.60577568e-01
  5.45904696e-01 -3.39727648e-01 -5.49002812e-01 -2.44181832e-01
 -1.32318020e-01  7.88184215e-01  9.34551023e-01 -5.19944255e-01
 -9.12960569e-01  1.14515918e-01 -2.10128068e-01  3.73492316e-01
 -2.01801993e-01  6.13622217e-01 -8.25188190e-01 -3.15634787e-01
 -4.43394471e-01 -8.91981507e-01 -6.59817601e-01 -9.20911091e-01
 -6.89526594e-01  3.21647024e-02  3.84881075e-01 -3.09641653e-01
 -5.71934582e-01 -3.77225929e-01 -3.88227211e-02 -5.74252111e-02
 -4.16726913e-02  4.87812555e-01  9.93547226e-01  6.77472781e-01
 -4.88153797e-01 -9.98511283e-01  1.26775298e-01 -4.01503300e-01
 -7.35677782e-01  1.84499070e-01  2.70160720e-01  1.25827938e-01
  9.14702562e-02 -4.98251425e-01  7.23762663e-01 -3.77188103e-01
 -8.43855301e-01  1.07738126e-01  1.37665078e-01  6.91619646e-01
 -2.29852351e-01  9.36266849e-01  2.48121864e-01 -6.74952386e-01
  4.99562417e-01  4.52757402e-01  4.28784089e-01 -2.88553762e-01
 -3.24268478e-01 -9.61551857e-01  8.01104333e-01 -2.48370700e-01
  1.46507941e-01  7.13167688e-01 -4.38259111e-02  6.15995068e-01
  2.87653987e-01  3.81211234e-01 -2.75865113e-01 -7.02492338e-01
 -5.95084818e-01 -2.83202391e-01 -9.93299925e-01  5.48861593e-01
 -8.19849468e-02  2.78395425e-02  2.17952165e-01 -8.35630076e-01
 -2.85491568e-01 -3.06180625e-01  3.05201608e-01 -3.61713267e-01
 -1.81378167e-01 -1.84154036e-01 -5.76189202e-01 -8.82280748e-01
  7.24121792e-01  3.48071686e-01  3.50113766e-01 -8.41007690e-01
 -1.60472435e-01 -7.53629414e-01 -7.18890248e-01 -1.37558536e-01
  7.61834780e-01 -5.04516326e-01 -7.99530593e-01 -7.85944642e-01
 -9.27270508e-01  1.51074866e-01  8.03938234e-01 -6.60166087e-01
  9.83778882e-01  6.27276112e-01 -9.47264391e-01 -2.77173759e-01
  9.57268521e-01  8.51617750e-01  1.56215648e-01  8.06509067e-01
 -9.57235609e-01  1.14065309e-01  6.81373381e-01  7.85883478e-01
 -7.90285260e-02 -9.04408166e-01  3.86938916e-01  4.30765277e-01
 -3.60700512e-01  3.34612773e-01  4.84037511e-02  1.28669815e-01
  5.67799322e-01 -7.15625281e-01  7.99601302e-01  1.67425893e-01
 -4.66841131e-01  2.06129034e-01  5.53692820e-01  1.92700485e-01
  9.61388085e-01  6.57155529e-02 -6.20712562e-01  6.64152410e-01
  5.47445765e-02 -4.64507155e-01 -9.25250937e-02 -9.87893086e-01
 -9.02781972e-01 -3.11462036e-01  8.53648000e-01 -5.05223278e-02
 -8.67537879e-02 -3.05088652e-01 -9.57887670e-01 -6.15780585e-01
 -6.45559009e-01  2.01108265e-01 -3.90068968e-01 -7.96353035e-01
  7.55563944e-01 -8.18827238e-02  3.07297371e-01 -4.74695159e-01
 -3.24891430e-01  3.45851340e-01 -4.33194505e-01  5.47488615e-01
  3.58643376e-02  7.11405854e-01  5.11731461e-01  2.72939196e-01
  2.15472914e-01 -9.31521966e-01 -9.56578108e-01 -6.76413801e-01
  1.87220199e-01  1.77696638e-01 -5.91913486e-01  3.51442972e-01
 -1.66905422e-01 -6.35251764e-01 -9.39834313e-01 -8.08901158e-01
  5.25888671e-01  1.16717084e-01  2.40566137e-01 -1.76503891e-01
  1.54786732e-01 -7.47523202e-01  8.56368088e-01  6.39207306e-01
  6.52849361e-01 -7.99463470e-01 -5.62598048e-01  6.23106726e-01
  9.21322701e-02 -5.86032137e-01  8.81727316e-02  9.88887414e-01
  1.43298110e-01 -7.20709672e-01  2.22101165e-03 -3.51430987e-01
 -3.77175431e-01  8.35855758e-01 -4.66077674e-01 -1.18747291e-01
 -5.47070115e-01  1.66390627e-01 -9.73363862e-01  1.42224887e-01
  5.18954589e-02  2.86583830e-01  8.58036568e-01 -4.77122704e-01
  5.90271991e-01]
stepsize_vec:,[0.15 0.15 0.15 0.15 0.   0.   0.   0.   0.   0.   0.   0.   0.   0.
 0.   0.04 0.04 0.06 0.06 0.08 0.08 0.09 0.09 0.1  0.1  0.2  0.2  0.2
 0.2  0.2  0.2  0.2  0.2  0.2  0.2  0.2  0.2  0.2  0.2  0.2  0.2  0.2
 0.2  0.2  0.2  0.2  0.2  0.2  0.2  0.2  0.2  0.2  0.2  0.2  0.2  0.2
 0.2  0.2  0.2  0.2  0.2  0.2  0.2  0.2  0.2  0.2  0.2  0.2  0.2  0.2
 0.2  0.2  0.2  0.2  0.2  0.2  0.2  0.2  0.2  0.2  0.2  0.2  0.2  0.2
 0.2  0.2  0.2  0.2  0.2  0.2  0.2  0.2  0.2  0.2  0.2  0.2  0.2  0.2
 0.2  0.2  0.2  0.2  0.2  0.2  0.2  0.2  0.2  0.2  0.2  0.2  0.2  0.2
 0.2  0.2  0.2  0.2  0.2  0.2  0.2  0.2  0.2  0.2  0.2  0.2  0.2  0.2
 0.2  0.2  0.2  0.2  0.2  0.2  0.2  0.2  0.2  0.2  0.2  0.2  0.2  0.2
 0.2  0.2  0.2  0.2  0.2  0.2  0.2  0.2  0.2  0.2  0.2  0.2  0.2  0.2
 0.2  0.2  0.2  0.2  0.2  0.2  0.2  0.2  0.2  0.2  0.2  0.2  0.2  0.2
 0.2  0.2  0.2  0.2  0.2  0.2  0.2  0.2  0.2  0.2  0.2  0.2  0.2  0.2
 0.2  0.2  0.2  0.2  0.2  0.2  0.2  0.2  0.2  0.2  0.2  0.2  0.2  0.2
 0.2  0.2  0.2  0.2  0.2  0.2  0.2  0.2  0.2  0.2  0.2  0.2  0.2  0.2
 0.2  0.2  0.2  0.2  0.2  0.2  0.2  0.2  0.2  0.2  0.2  0.2  0.2  0.2
 0.2  0.2  0.2  0.2  0.2  0.2  0.2  0.2  0.2  0.2  0.2  0.2  0.2  0.2
 0.2  0.2  0.2  0.2  0.2  0.2  0.2  0.2  0.2  0.2  0.2  0.2  0.2  0.2
 0.2  0.2  0.2  0.2  0.2  0.2  0.2  0.2  0.2  0.2  0.2  0.2  0.2  0.2
 0.2  0.2  0.2  0.2  0.2  0.2  0.2  0.2  0.2  0.2  0.2  0.2  0.2  0.2
 0.2  0.2  0.2  0.2  0.2  0.2  0.2  0.2  0.2  0.2  0.2  0.2  0.2  0.2
 0.2  0.2  0.2  0.2  0.2  0.2  0.2  0.2  0.2  0.2  0.2  0.2  0.2  0.2
 0.2  0.2  0.2  0.2  0.2  0.2  0.2  0.2  0.2  0.2  0.2  0.2  0.2  0.2
 0.2  0.2  0.2  0.2  0.2  0.2  0.2  0.2  0.2  0.2  0.2  0.2  0.2  0.2
 0.2  0.2  0.2  0.2  0.2  0.2  0.2  0.2  0.2  0.2  0.2  0.2  0.2  0.2
 0.2  0.2  0.2  0.2  0.2  0.2  0.2  0.2  0.2  0.2  0.2  0.2  0.2  0.2
 0.2  0.2  0.2  0.2  0.2  0.2  0.2  0.2  0.2  0.2  0.2  0.2  0.2  0.2
 0.2  0.2  0.2  0.2  0.2  0.2  0.2  0.2  0.2  0.2  0.2  0.2  0.2  0.2
 0.2  0.2  0.2  0.2  0.2  0.2  0.2  0.2  0.2  0.2  0.2  0.2  0.2  0.2
 0.2  0.2  0.2  0.2  0.2  0.2  0.2  0.2  0.2  0.2  0.2  0.2  0.2  0.2
 0.2  0.2  0.2  0.2  0.2 ]
step_ratio_vec:,[0.1 0.1 0.1 0.1 0.1 0.1 0.1 0.1 0.1 0.1 0.1 0.1 0.1 0.1 0.1 0.1 0.1 0.1
 0.1 0.1 0.1 0.1 0.1 0.1 0.1 0.1 0.1 0.1 0.1 0.1 0.1 0.1 0.1 0.1 0.1 0.1
 0.1 0.1 0.1 0.1 0.1 0.1 0.1 0.1 0.1 0.1 0.1 0.1 0.1 0.1 0.1 0.1 0.1 0.1
 0.1 0.1 0.1 0.1 0.1 0.1 0.1 0.1 0.1 0.1 0.1 0.1 0.1 0.1 0.1 0.1 0.1 0.1
 0.1 0.1 0.1 0.1 0.1 0.1 0.1 0.1 0.1 0.1 0.1 0.1 0.1 0.1 0.1 0.1 0.1 0.1
 0.1 0.1 0.1 0.1 0.1 0.1 0.1 0.1 0.1 0.1 0.1 0.1 0.1 0.1 0.1 0.1 0.1 0.1
 0.1 0.1 0.1 0.1 0.1 0.1 0.1 0.1 0.1 0.1 0.1 0.1 0.1 0.1 0.1 0.1 0.1 0.1
 0.1 0.1 0.1 0.1 0.1 0.1 0.1 0.1 0.1 0.1 0.1 0.1 0.1 0.1 0.1 0.1 0.1 0.1
 0.1 0.1 0.1 0.1 0.1 0.1 0.1 0.1 0.1 0.1 0.1 0.1 0.1 0.1 0.1 0.1 0.1 0.1
 0.1 0.1 0.1 0.1 0.1 0.1 0.1 0.1 0.1 0.1 0.1 0.1 0.1 0.1 0.1 0.1 0.1 0.1
 0.1 0.1 0.1 0.1 0.1 0.1 0.1 0.1 0.1 0.1 0.1 0.1 0.1 0.1 0.1 0.1 0.1 0.1
 0.1 0.1 0.1 0.1 0.1 0.1 0.1 0.1 0.1 0.1 0.1 0.1 0.1 0.1 0.1 0.1 0.1 0.1
 0.1 0.1 0.1 0.1 0.1 0.1 0.1 0.1 0.1 0.1 0.1 0.1 0.1 0.1 0.1 0.1 0.1 0.1
 0.1 0.1 0.1 0.1 0.1 0.1 0.1 0.1 0.1 0.1 0.1 0.1 0.1 0.1 0.1 0.1 0.1 0.1
 0.1 0.1 0.1 0.1 0.1 0.1 0.1 0.1 0.1 0.1 0.1 0.1 0.1 0.1 0.1 0.1 0.1 0.1
 0.1 0.1 0.1 0.1 0.1 0.1 0.1 0.1 0.1 0.1 0.1 0.1 0.1 0.1 0.1 0.1 0.1 0.1
 0.1 0.1 0.1 0.1 0.1 0.1 0.1 0.1 0.1 0.1 0.1 0.1 0.1 0.1 0.1 0.1 0.1 0.1
 0.1 0.1 0.1 0.1 0.1 0.1 0.1 0.1 0.1 0.1 0.1 0.1 0.1 0.1 0.1 0.1 0.1 0.1
 0.1 0.1 0.1 0.1 0.1 0.1 0.1 0.1 0.1 0.1 0.1 0.1 0.1 0.1 0.1 0.1 0.1 0.1
 0.1 0.1 0.1 0.1 0.1 0.1 0.1 0.1 0.1 0.1 0.1 0.1 0.1 0.1 0.1 0.1 0.1 0.1
 0.1 0.1 0.1 0.1 0.1 0.1 0.1 0.1 0.1 0.1 0.1 0.1 0.1 0.1 0.1 0.1 0.1 0.1
 0.1 0.1 0.1 0.1 0.1 0.1 0.1 0.1 0.1 0.1 0.1 0.1 0.1 0.1 0.1 0.1 0.1 0.1
 0.1 0.1 0.1 0.1 0.1 0.1 0.1 0.1 0.1 0.1 0.1 0.1 0.1 0.1 0.1 0.1 0.1 0.1
 0.1 0.1 0.1 0.1 0.1 0.1 0.1 0.1 0.1 0.1 0.1]
swap interval:,2
sim interval:,[-1.49e+08 -1.40e+08 -1.25e+08 -1.15e+08 -1.00e+08 -7.50e+07 -5.00e+07
 -4.00e+07 -3.00e+07 -2.50e+07 -5.00e+06  0.00e+00]
likelihood_sed (T/F):,True
erodep_coords,elev_coords:,[[42 94]
 [42 95]
 [42 96]
 ...
 [96 78]
 [96 79]
 [96 80]]
sed scaling factor:,1
samples_per_chain:,66
burnin:,0.1
num params:,425
initial_proposed_vec:,[ 1.72546383e+00  4.87970248e-01  1.07815815e+00  1.45695055e+00
  1.00000000e-06  5.00000000e-01  1.00000000e+00  5.00000000e-03
  1.00000000e-03  1.00000000e-03  5.00000000e-01  5.00000000e+00
  2.40000000e+04  5.00000000e+00  1.00000000e-02  9.86352301e-03
  1.03195068e-01  7.96851574e-03 -2.42512198e-01 -3.71620321e-01
 -1.95223078e-01  3.91832273e-01 -1.51525993e-01  1.62938145e-01
 -1.32737793e-01  3.98815236e-01  1.13669822e-01  5.91435247e-01
  9.21538071e-01 -6.82462596e-01  8.35804080e-01 -1.83163653e-01
 -3.69530049e-01 -3.76815901e-01  7.80385315e-02 -9.24618331e-02
  2.10713713e-02 -4.83151731e-01  9.86339886e-01 -1.65132708e-01
  5.27366003e-01  2.49885336e-01 -5.53199300e-01 -1.75624101e-01
 -4.97656794e-01  8.48454091e-01  9.53171885e-01  4.08617792e-01
 -2.65392022e-02  5.89488535e-01 -1.52640733e-01 -4.27295267e-01
 -4.58769357e-01 -4.17100423e-01 -5.38895842e-01 -8.10722145e-01
 -1.56017564e-01  3.40064863e-02  3.55855257e-01 -2.62640659e-01
  2.35517379e-01  8.71536426e-01  9.05680617e-02 -1.06275187e-02
 -4.08766729e-01 -9.74114038e-01  6.86713348e-01 -2.62367590e-01
 -8.70165095e-02  2.03229815e-01  1.55212684e-01 -7.38061154e-01
  1.41049038e-01  4.89153844e-01 -7.77809800e-01  1.24963456e-01
 -3.61699925e-01 -3.48174124e-01 -4.38935541e-01 -3.40947088e-01
  4.94764818e-01 -5.25772824e-01 -5.74805887e-01  3.14479507e-01
  5.68861820e-01 -6.66153386e-01 -5.48607202e-01  8.18493313e-01
 -9.95866825e-01  8.62508259e-01  1.37180349e-02 -8.63119118e-01
 -4.45619964e-01  4.62632631e-01  9.89646452e-02  3.12155227e-01
  6.08982923e-01 -5.71394570e-01 -1.10619385e-01  5.82841694e-01
 -7.42930704e-01 -3.83314625e-01 -4.82793733e-02  2.07144699e-01
 -3.45198944e-01 -6.67751079e-01  8.98866627e-01  9.18469441e-01
  4.32665562e-01 -4.62328297e-01 -7.30321752e-01  8.45279901e-01
  9.23824653e-02 -1.93052756e-01 -5.81111014e-01 -7.17834576e-01
 -7.84128907e-01 -8.14534273e-01  8.98615153e-01  9.55428092e-01
 -2.27350209e-02  5.18633559e-02 -7.39577057e-01 -5.62353356e-01
  7.91758552e-01 -2.55029676e-01  4.54165294e-01 -8.13823547e-01
  8.33807345e-01 -1.73120579e-02 -4.37010667e-01 -2.05646830e-01
 -5.81104341e-01  8.06065743e-01  2.44069616e-01  9.99492498e-01
 -1.24699011e-01 -5.71741019e-01 -4.98709539e-01 -3.02669874e-01
 -6.66160232e-01 -3.59276284e-01 -4.74671841e-01  5.36763328e-01
  2.63256499e-01  3.17750943e-01 -9.58807999e-01 -3.28082308e-02
 -6.08147321e-01  6.08357862e-01 -2.56680617e-01 -8.00018602e-01
 -3.57503039e-01  8.51490486e-01 -6.37124256e-01 -4.99104791e-02
  8.38859414e-01  9.23831580e-01 -4.37201617e-01 -1.43876578e-01
 -5.23795190e-01  4.75764379e-02  9.28938795e-01 -5.82045623e-01
 -1.47297683e-01 -1.50134991e-01  6.44347630e-01 -3.71952513e-01
  2.00998515e-01  8.20320642e-01 -3.46388155e-02 -4.77039125e-01
 -8.20965990e-01 -9.34147350e-01  5.48799745e-01 -4.42402206e-02
 -1.45290328e-01 -9.74353810e-01 -7.15014938e-01  7.66746470e-01
  6.27865786e-01 -9.39034508e-01 -5.70029881e-01  5.16370089e-01
  2.83380289e-01  8.24499645e-01 -6.68136006e-02  7.10383371e-01
 -4.77414147e-01  2.80068917e-02 -9.18715651e-01  5.13517515e-01
 -3.22879864e-02  4.20122674e-01  9.58386140e-01  7.32023910e-01
  8.01672069e-01 -7.57498226e-01 -7.62719215e-01 -8.02936191e-01
  9.57650716e-02 -3.40237830e-01  1.43595854e-01  3.72718112e-01
 -5.20736026e-01  1.35690998e-01  4.33734048e-01  8.55695186e-01
  7.28219452e-02 -8.06149181e-01 -6.93328052e-01  5.38314534e-01
  1.31977343e-01  6.08602404e-01 -4.28410838e-01  3.04172786e-01
  4.13394477e-01  6.75460532e-02  8.55724146e-01 -9.12713581e-01
 -4.99187883e-01  8.82989864e-01 -3.16960809e-01  3.12098592e-02
  1.55075054e-01  7.64075226e-01 -8.32689574e-01 -4.58896631e-01
 -4.62057200e-01 -8.32404174e-01 -9.75057545e-02  9.02289067e-01
  9.29819808e-02  8.33415728e-01  8.10159330e-01  6.70148068e-01
 -6.90809721e-01  9.06843275e-01  9.58418895e-01  6.73599460e-01
 -2.04164612e-01  7.92577527e-01 -7.93341848e-01  8.72891455e-01
  7.23306398e-01  4.49107538e-01 -7.23667154e-01 -8.20699485e-01
 -2.14836138e-01 -4.59449090e-01 -5.97368590e-01 -1.13456890e-02
  9.21339658e-01 -4.53896132e-01  3.53190139e-01 -2.00434803e-02
  9.15201451e-01 -5.12835929e-01  5.58550447e-01 -6.48919716e-01
  6.38663685e-01 -9.87147366e-01 -9.92409004e-01  2.73295633e-01
 -2.43952298e-01  4.08426301e-01  2.01672174e-01  1.36844300e-02
 -7.27566109e-01  9.53641107e-01 -3.98326024e-01 -5.09919983e-01
  9.47125915e-01  3.37246917e-01 -9.39190571e-01  1.85100849e-03
  7.08776084e-01 -4.90645173e-02 -3.54275266e-01  7.64019713e-02
  6.37243038e-01 -2.62202901e-01  8.95388134e-01 -2.92004942e-01
  5.87487840e-01  1.41692071e-01  2.19087966e-01 -8.97362436e-01
  1.46978138e-01  6.59267458e-01  4.24941573e-01  9.35552956e-01
  9.55370307e-01  4.30589183e-01 -2.59344562e-01  6.87573355e-01
 -6.62063463e-01  1.42019642e-01 -4.95413605e-01 -1.73666293e-01
  9.28857412e-01  5.74275545e-01 -2.41500643e-01 -5.37072748e-01
 -1.86830686e-01  2.08451987e-01  8.47618482e-01  3.69083395e-01
  2.62850405e-02  6.17216195e-01  4.20048198e-01  7.42910957e-01
  9.85544838e-01 -8.04360743e-01  7.38530256e-01 -1.17694502e-01
 -1.69294274e-02 -1.73311210e-02 -3.93335212e-01  2.60830634e-01
 -2.21234667e-01 -6.92322364e-01 -9.60138249e-01  6.10031846e-01
 -6.10242870e-02 -7.36420695e-01 -5.99727223e-01 -9.82361707e-01
 -3.36067594e-01  5.64340746e-01  2.99852123e-01 -5.88460248e-01
  1.59390914e-01 -1.00583785e-01 -7.90556282e-01 -8.79667185e-01
  5.65270622e-01 -8.44190710e-01 -2.39261447e-01 -4.32278035e-02
 -8.34618148e-01  5.44597199e-01 -3.70920586e-01  1.12866573e-01
 -3.41750979e-01 -3.02831363e-01 -5.66486429e-01  4.34968247e-01
 -1.31696778e-01  1.52476614e-02 -3.57807810e-01  3.13550916e-02
 -4.70978417e-01 -7.45024642e-01 -5.29378938e-01  6.53352589e-01
 -8.31787599e-01 -2.71023771e-01 -2.10220316e-02 -1.05960156e-01
 -3.30289649e-01  5.17958825e-01 -2.80492044e-01 -6.60212135e-01
 -4.52556287e-02 -5.20291735e-01 -1.64403432e-01  5.32937083e-02
 -9.21229949e-02  9.25151482e-01  9.30905354e-01  3.81943125e-01
 -4.59812656e-01  4.36820655e-01 -2.19158614e-01 -8.60124283e-01
  7.68206872e-01  9.22605417e-01  7.06104648e-01  7.20642385e-01
  5.59629014e-01  7.42380423e-01  9.03655010e-01  4.07185199e-01
  2.24422427e-01  3.44024629e-01  1.42564728e-01 -8.20674920e-01
  4.50251350e-01  5.18389136e-01  9.18488981e-01  1.25951625e-01
  6.87223727e-01  6.93151104e-02 -3.23275833e-01  5.05659315e-01
 -7.78950683e-01 -5.99261413e-01  4.68585255e-01  3.30625006e-01
  5.65336040e-01 -9.15529417e-01  9.73077450e-01 -1.00241777e-01
  8.22438155e-01  5.93303067e-03 -2.49896281e-01 -4.67400143e-01
  8.02154400e-01 -4.44173663e-01 -7.09750304e-01  1.19252305e-01
  2.69879174e-01  7.52441929e-01  4.50706029e-01 -4.30724668e-01
  8.80904803e-02 -3.82789932e-01 -1.26355006e-01 -9.42062414e-02
 -6.01275995e-01  8.14036290e-01 -4.05540210e-01  6.50639397e-01
 -8.25057857e-01]
stepsize_vec:,[0.15 0.15 0.15 0.15 0.   0.   0.   0.   0.   0.   0.   0.   0.   0.
 0.   0.04 0.04 0.06 0.06 0.08 0.08 0.09 0.09 0.1  0.1  0.2  0.2  0.2
 0.2  0.2  0.2  0.2  0.2  0.2  0.2  0.2  0.2  0.2  0.2  0.2  0.2  0.2
 0.2  0.2  0.2  0.2  0.2  0.2  0.2  0.2  0.2  0.2  0.2  0.2  0.2  0.2
 0.2  0.2  0.2  0.2  0.2  0.2  0.2  0.2  0.2  0.2  0.2  0.2  0.2  0.2
 0.2  0.2  0.2  0.2  0.2  0.2  0.2  0.2  0.2  0.2  0.2  0.2  0.2  0.2
 0.2  0.2  0.2  0.2  0.2  0.2  0.2  0.2  0.2  0.2  0.2  0.2  0.2  0.2
 0.2  0.2  0.2  0.2  0.2  0.2  0.2  0.2  0.2  0.2  0.2  0.2  0.2  0.2
 0.2  0.2  0.2  0.2  0.2  0.2  0.2  0.2  0.2  0.2  0.2  0.2  0.2  0.2
 0.2  0.2  0.2  0.2  0.2  0.2  0.2  0.2  0.2  0.2  0.2  0.2  0.2  0.2
 0.2  0.2  0.2  0.2  0.2  0.2  0.2  0.2  0.2  0.2  0.2  0.2  0.2  0.2
 0.2  0.2  0.2  0.2  0.2  0.2  0.2  0.2  0.2  0.2  0.2  0.2  0.2  0.2
 0.2  0.2  0.2  0.2  0.2  0.2  0.2  0.2  0.2  0.2  0.2  0.2  0.2  0.2
 0.2  0.2  0.2  0.2  0.2  0.2  0.2  0.2  0.2  0.2  0.2  0.2  0.2  0.2
 0.2  0.2  0.2  0.2  0.2  0.2  0.2  0.2  0.2  0.2  0.2  0.2  0.2  0.2
 0.2  0.2  0.2  0.2  0.2  0.2  0.2  0.2  0.2  0.2  0.2  0.2  0.2  0.2
 0.2  0.2  0.2  0.2  0.2  0.2  0.2  0.2  0.2  0.2  0.2  0.2  0.2  0.2
 0.2  0.2  0.2  0.2  0.2  0.2  0.2  0.2  0.2  0.2  0.2  0.2  0.2  0.2
 0.2  0.2  0.2  0.2  0.2  0.2  0.2  0.2  0.2  0.2  0.2  0.2  0.2  0.2
 0.2  0.2  0.2  0.2  0.2  0.2  0.2  0.2  0.2  0.2  0.2  0.2  0.2  0.2
 0.2  0.2  0.2  0.2  0.2  0.2  0.2  0.2  0.2  0.2  0.2  0.2  0.2  0.2
 0.2  0.2  0.2  0.2  0.2  0.2  0.2  0.2  0.2  0.2  0.2  0.2  0.2  0.2
 0.2  0.2  0.2  0.2  0.2  0.2  0.2  0.2  0.2  0.2  0.2  0.2  0.2  0.2
 0.2  0.2  0.2  0.2  0.2  0.2  0.2  0.2  0.2  0.2  0.2  0.2  0.2  0.2
 0.2  0.2  0.2  0.2  0.2  0.2  0.2  0.2  0.2  0.2  0.2  0.2  0.2  0.2
 0.2  0.2  0.2  0.2  0.2  0.2  0.2  0.2  0.2  0.2  0.2  0.2  0.2  0.2
 0.2  0.2  0.2  0.2  0.2  0.2  0.2  0.2  0.2  0.2  0.2  0.2  0.2  0.2
 0.2  0.2  0.2  0.2  0.2  0.2  0.2  0.2  0.2  0.2  0.2  0.2  0.2  0.2
 0.2  0.2  0.2  0.2  0.2  0.2  0.2  0.2  0.2  0.2  0.2  0.2  0.2  0.2
 0.2  0.2  0.2  0.2  0.2  0.2  0.2  0.2  0.2  0.2  0.2  0.2  0.2  0.2
 0.2  0.2  0.2  0.2  0.2 ]
step_ratio_vec:,[0.1 0.1 0.1 0.1 0.1 0.1 0.1 0.1 0.1 0.1 0.1 0.1 0.1 0.1 0.1 0.1 0.1 0.1
 0.1 0.1 0.1 0.1 0.1 0.1 0.1 0.1 0.1 0.1 0.1 0.1 0.1 0.1 0.1 0.1 0.1 0.1
 0.1 0.1 0.1 0.1 0.1 0.1 0.1 0.1 0.1 0.1 0.1 0.1 0.1 0.1 0.1 0.1 0.1 0.1
 0.1 0.1 0.1 0.1 0.1 0.1 0.1 0.1 0.1 0.1 0.1 0.1 0.1 0.1 0.1 0.1 0.1 0.1
 0.1 0.1 0.1 0.1 0.1 0.1 0.1 0.1 0.1 0.1 0.1 0.1 0.1 0.1 0.1 0.1 0.1 0.1
 0.1 0.1 0.1 0.1 0.1 0.1 0.1 0.1 0.1 0.1 0.1 0.1 0.1 0.1 0.1 0.1 0.1 0.1
 0.1 0.1 0.1 0.1 0.1 0.1 0.1 0.1 0.1 0.1 0.1 0.1 0.1 0.1 0.1 0.1 0.1 0.1
 0.1 0.1 0.1 0.1 0.1 0.1 0.1 0.1 0.1 0.1 0.1 0.1 0.1 0.1 0.1 0.1 0.1 0.1
 0.1 0.1 0.1 0.1 0.1 0.1 0.1 0.1 0.1 0.1 0.1 0.1 0.1 0.1 0.1 0.1 0.1 0.1
 0.1 0.1 0.1 0.1 0.1 0.1 0.1 0.1 0.1 0.1 0.1 0.1 0.1 0.1 0.1 0.1 0.1 0.1
 0.1 0.1 0.1 0.1 0.1 0.1 0.1 0.1 0.1 0.1 0.1 0.1 0.1 0.1 0.1 0.1 0.1 0.1
 0.1 0.1 0.1 0.1 0.1 0.1 0.1 0.1 0.1 0.1 0.1 0.1 0.1 0.1 0.1 0.1 0.1 0.1
 0.1 0.1 0.1 0.1 0.1 0.1 0.1 0.1 0.1 0.1 0.1 0.1 0.1 0.1 0.1 0.1 0.1 0.1
 0.1 0.1 0.1 0.1 0.1 0.1 0.1 0.1 0.1 0.1 0.1 0.1 0.1 0.1 0.1 0.1 0.1 0.1
 0.1 0.1 0.1 0.1 0.1 0.1 0.1 0.1 0.1 0.1 0.1 0.1 0.1 0.1 0.1 0.1 0.1 0.1
 0.1 0.1 0.1 0.1 0.1 0.1 0.1 0.1 0.1 0.1 0.1 0.1 0.1 0.1 0.1 0.1 0.1 0.1
 0.1 0.1 0.1 0.1 0.1 0.1 0.1 0.1 0.1 0.1 0.1 0.1 0.1 0.1 0.1 0.1 0.1 0.1
 0.1 0.1 0.1 0.1 0.1 0.1 0.1 0.1 0.1 0.1 0.1 0.1 0.1 0.1 0.1 0.1 0.1 0.1
 0.1 0.1 0.1 0.1 0.1 0.1 0.1 0.1 0.1 0.1 0.1 0.1 0.1 0.1 0.1 0.1 0.1 0.1
 0.1 0.1 0.1 0.1 0.1 0.1 0.1 0.1 0.1 0.1 0.1 0.1 0.1 0.1 0.1 0.1 0.1 0.1
 0.1 0.1 0.1 0.1 0.1 0.1 0.1 0.1 0.1 0.1 0.1 0.1 0.1 0.1 0.1 0.1 0.1 0.1
 0.1 0.1 0.1 0.1 0.1 0.1 0.1 0.1 0.1 0.1 0.1 0.1 0.1 0.1 0.1 0.1 0.1 0.1
 0.1 0.1 0.1 0.1 0.1 0.1 0.1 0.1 0.1 0.1 0.1 0.1 0.1 0.1 0.1 0.1 0.1 0.1
 0.1 0.1 0.1 0.1 0.1 0.1 0.1 0.1 0.1 0.1 0.1]
swap interval:,2
sim interval:,[-1.49e+08 -1.40e+08 -1.25e+08 -1.15e+08 -1.00e+08 -7.50e+07 -5.00e+07
 -4.00e+07 -3.00e+07 -2.50e+07 -5.00e+06  0.00e+00]
likelihood_sed (T/F):,True
erodep_coords,elev_coords:,[[42 94]
 [42 95]
 [42 96]
 ...
 [96 78]
 [96 79]
 [96 80]]
sed scaling factor:,1