-36851.79000 -23762.89000 -47901.71000 -29433.39000 -31523.26000 -42753.83000 -34483.18000 -43293.05000
-34186.81000 -24870.12000 -51741.63000 -27534.28000 -29180.91000 -45799.51000 -34987.88000 -39787.47000
-37933.93000 -25311.51000 -46880.17000 -27835.46000 -30631.18000 -47670.96000 -32156.71000 -40799.53000
-38297.97000 -26369.01000 -48715.91000 -28379.99000 -32059.19000 -48272.76000 -34687.54000 -38971.74000
-38176.20000 -26337.99000 -51838.41000 -27189.63000 -29323.55000 -45082.25000 -31342.08000 -42485.58000
-35430.12000 -24803.79000 -46418.74000 -26290.50000 -29384.52000 -44390.21000 -33342.58000 -38138.92000
-35169.89000 -24908.00000 -47707.76000 -27752.61000 -28972.19000 -44033.86000 -32357.97000 -37846.89000
-34603.18000 -23755.37000 -47880.78000 -26502.50000 -29374.63000 -40066.52000 -32659.32000 -37879.38000
-35407.86000 -23571.95000 -45394.61000 -25904.89000 -29441.04000 -41742.28000 -32655.23000 -40307.10000
-37710.79000 -23869.43000 -48258.23000 -25700.10000 -30567.54000 -41657.38000 -32373.85000 -41321.99000
-35387.09000 -22048.92000 -46284.20000 -26227.79000 -29940.24000 -42859.27000 -34310.13000 -39048.45000
-35955.21000 -22757.25000 -45780.58000 -26241.87000 -27381.62000 -44112.23000 -31891.04000 -40560.65000
-35483.23000 -24024.30000 -45732.34000 -24614.43000 -27758.93000 -41617.35000 -32714.53000 -39787.77000
-35822.57000 -23674.77000 -45351.52000 -25273.47000 -27541.55000 -42651.97000 -32580.59000 -39931.48000
-38122.77000 -22829.57000 -47182.10000 -26773.84000 -28050.40000 -43352.11000 -30892.78000 -39695.54000
-38042.12000 -22457.44000 -49522.62000 -26783.45000 -28267.30000 -43594.79000 -31648.01000 -39045.15000
-34236.54000 -22923.69000 -46938.55000 -25628.62000 -29266.37000 -44403.17000 -30281.76000 -40023.37000
-34366.91000 -23899.79000 -48155.63000 -25396.24000 -28796.24000 -42989.50000 -31349.10000 -39305.73000
-33841.82000 -23687.23000 -49371.20000 -28323.56000 -27540.77000 -45891.09000 -32503.09000 -38716.64000
-34349.03000 -24296.38000 -47808.24000 -26555.87000 -27558.38000 -45125.73000 -32196.77000 -38699.23000
-34840.33000 -23595.88000 -48382.25000 -25302.42000 -28841.17000 -43919.77000 -32801.08000 -37799.42000
-47695.32000 -48191.63000 -48218.89000 -45112.42000 -46738.01000 -46632.88000 -47069.10000 -46610.54000
-47549.42000 -47464.15000 -47969.96000 -47149.05000 -45500.79000 -49164.35000 -47168.93000 -45694.44000
-46729.13000 -47905.73000 -47698.15000 -47424.32000 -43767.21000 -47294.15000 -46056.41000 -44661.19000
-44755.49000 -47514.66000 -49251.07000 -47185.02000 -46445.26000 -46610.47000 -46034.20000 -48688.08000
-44355.67000 -48386.36000 -47795.42000 -47367.36000 -45641.52000 -44958.59000 -45712.42000 -47955.79000
-47053.90000 -45599.46000 -46145.72000 -47638.59000 -48291.57000 -47726.33000 -48424.58000 -44977.93000
-45264.49000 -45598.38000 -46622.74000 -47526.92000 -47863.92000 -48629.89000 -47920.67000 -45359.11000
-47021.04000 -49523.53000 -46785.57000 -45959.88000 -48014.07000 -43466.01000 -47646.17000 -46085.41000
-48590.27000 -45698.93000 -46220.11000 -45436.70000 -47730.46000 -43802.54000 -47455.19000 -48832.87000
-47509.87000 -48099.40000 -44907.17000 -46840.30000 -46426.66000 -49055.96000 -47621.13000 -46370.93000
-46843.06000 -47708.31000 -44798.60000 -46560.58000 -45813.52000 -45956.28000 -47643.33000 -48986.53000
-47606.09000 -47951.66000 -44659.72000 -47178.68000 -47280.92000 -46423.64000 -45189.15000 -45962.55000
-47399.56000 -48942.77000 -45286.11000 -47927.85000 -48026.34000 -46351.81000 -45419.41000 -47859.08000
-46381.69000 -46508.01000 -45259.89000 -48047.60000 -47293.51000 -46406.76000 -47106.11000 -44792.59000
-46815.47000 -48191.34000 -48711.47000 -47760.63000 -47919.97000 -46046.44000 -47701.41000 -44474.42000
-47140.13000 -46911.03000 -46693.21000 -47178.08000 -47365.18000 -44570.10000 -47402.84000 -46327.39000
-48578.43000 -47553.70000 -46908.53000 -47708.87000 -48729.05000 -44475.51000 -48567.69000 -46225.04000
-47220.02000 -48041.52000 -45759.00000 -48137.74000 -46042.83000 -45867.56000 -47833.50000 -46448.42000
-48819.55000 -48246.63000 -45590.48000 -45720.70000 -46925.62000 -45858.23000 -47147.23000 -46994.03000
-46680.43000 -45340.43000 -44824.28000 -47652.39000 -49265.90000 -45753.14000 -45380.76000 -44175.56000
-47601.22000 -45696.69000 -46415.61000 -49553.97000 -48915.10000 -48871.96000 -48801.99000 -44394.42000
-48248.70000 -46572.67000 -48237.39000 -47051.54000 -48385.03000 -45413.64000 -47780.73000 -44011.18000
-47504.66000 -45645.83000 -46732.06000 -48043.67000 -47823.21000 -45777.59000 -45917.65000 -44501.45000
-46032.52000 -47953.11000 -45995.65000 -45637.36000 -48356.17000 -45997.10000 -47102.25000 -44940.25000
-45131.98000 -47873.38000 -46083.92000 -45814.55000 -48631.27000 -46378.52000 -48064.49000 -44103.81000
-47622.96000 -45676.87000 -46335.01000 -47080.97000 -47654.23000 -45513.55000 -47410.22000 -45302.12000
-47951.66000 -45385.70000 -47323.24000 -50354.10000 -49383.44000 -43625.33000 -47546.49000 -46849.97000
-47356.74000 -48293.28000 -44275.88000 -45957.45000 -47718.07000 -46879.27000 -46721.47000 -47476.87000
-46813.78000 -47453.05000 -45149.43000 -45391.55000 -47976.52000 -45507.45000 -46823.70000 -45859.74000
-47785.86000 -46138.25000 -45671.03000 -47616.45000 -45130.70000 -44573.82000 -48093.29000 -48018.08000
-46338.24000 -46012.75000 -47031.03000 -49605.98000 -44869.93000 -45810.60000 -50272.32000 -47253.83000
-46947.35000 -48091.61000 -45127.42000 -46575.76000 -44667.36000 -47379.01000 -46709.11000 -45550.78000
-48332.51000 -47524.07000 -44322.96000 -45929.79000 -45277.78000 -47413.16000 -46337.91000 -45738.72000
-45400.19000 -45436.15000 -47735.33000 -47409.67000 -44940.16000 -45864.43000 -45767.16000 -47941.14000
-46947.52000 -48345.37000 -47014.50000 -50625.55000 -45651.57000 -45310.57000 -45485.02000 -49069.19000
-47344.61000 -48448.14000 -47919.53000 -46091.74000 -44928.55000 -44930.02000 -45955.38000 -48436.51000
-48518.24000 -47973.47000 -47158.77000 -46779.06000 -45423.25000 -43494.78000 -46417.22000 -46998.92000
-46830.63000 -47792.23000 -44532.03000 -48124.43000 -47506.27000 -47338.33000 -44762.01000 -47899.44000
-46771.24000 -47590.02000 -44925.96000 -47599.54000 -46422.70000 -46652.75000 -45336.28000 -47535.83000
-45582.14000 -45119.04000 -46335.42000 -47322.83000 -47808.47000 -48280.41000 -49467.93000 -45623.67000
