8.479881261680356497e-01
8.624097220286904841e-01
1.012969571372955624e+00
9.938308064549167264e-01
2.933709016393443476e-06
5.116257574590151735e-01
1.289536591516390995e+00
1.200266519877044163e-01
2.977091428278685198e-02
1.689183875000003013e-02
5.663092530122944002e-01
8.714437453688542945e+00
1.464441283524160826e+04
8.894258667725370771e+00
8.285043397540979571e-02
-4.636907409836048960e-02
-3.906917747950837405e-02
1.190385184221307846e-01
-8.143040778688870806e-04
4.250177459016389603e-02
3.828319057377042953e-03
-5.254401413934427917e-02
3.891239006147546170e-02
1.324283421926229221e-01
1.520242861065576601e-01
4.895450682377023438e-02
-2.788310915163936810e-01
1.118663364754101802e-01
-4.221318446926212165e-01
2.764580382991806973e-01
-2.384282374999999454e-01
-5.685466451639344942e-01
3.351391068647536220e-01
9.144013692622941780e-02
1.267152555942625825e-01
2.739420926229489336e-02
-5.722986890163908047e-01
1.861118398155739706e-01
-4.298962161270469817e-01
1.518289967213105884e-02
-1.497660799180344435e-02
3.280861132377051459e-01
1.093970381147541249e-01
9.681023850409836706e-02
2.509661582172132421e-01
1.584940259836070398e-01
3.251319877049130280e-02
-3.077588352049179243e-01
1.365828385245904802e-02
1.434847188524592532e-01
1.412407109631144686e-01
-7.148524135245881705e-02
4.291561098770481641e-01
-3.601255491598379654e-01
1.290670637704925960e-01
1.237565319877048792e-01
5.399184892008187520e-01
3.654705413934479508e-02
4.442664537295079596e-01
-2.257026938319679488e-01
-2.680543584221313780e-01
1.592191504098381533e-02
4.060624983606549165e-02
-3.610420516188498352e-01
4.498479950819683770e-02
-1.054164613524589261e-01
1.013586685450818814e-01
1.448873129098365020e-01
-2.296557018442616296e-02
-8.719829770491811793e-02
1.137650226229505040e-01
1.943331063524568469e-02
-2.208946964754094910e-01
6.025428526639253074e-02
-3.336080947950814668e-01
-6.831645491856816249e-05
-5.297330113319674849e-01
-4.619253380122948505e-01
5.977527016393439918e-02
-1.993478467622944172e-01
1.956746590573773814e-01
-1.046446051434427593e-01
-1.368672514139340768e-01
-1.766126048565580253e-01
-2.369095309221312950e-01
-1.607055469262294589e-01
-6.219052219262307529e-02
2.824683963934427333e-01
1.493519277254103661e-01
6.638880825819665210e-02
-2.507128941803281608e-01
-7.079766821926221088e-01
-2.833693149590147189e-02
4.367745765983597761e-01
1.125204344262293321e-01
4.235465034836081999e-02
1.638371287295097567e-01
-1.624627314754094332e-01
-1.772375590573770643e-01
-1.287982508606561050e-01
3.883158372336083519e-01
1.328712877663932868e-01
-2.128024133811476371e-01
-6.901724776639341086e-02
3.974946366803282921e-02
-3.977053244057359160e-01
-2.027823744057373478e-01
2.001338207581965789e-01
-1.758964702868848554e-02
1.284451336680324796e-01
1.612895848565580326e-01
-4.827717995491807024e-01
-4.388695401639329530e-02
-4.116014137909843607e-01
3.153984209631157665e-01
-3.824523606557378441e-01
-1.095066527254096589e-01
-1.598553081967216682e-01
-1.364132046106555640e-01
3.666879995901656947e-02
1.219780476434425692e-01
1.846418926434426067e-01
1.308063243032787648e-01
8.860322586065562389e-02
-1.101657729098362848e-01
-4.381008400409829862e-01
-3.692899911885229314e-02
-1.029480634426230140e-01
-1.441871011680334602e-01
1.288213928893443827e-01
-3.382398565573690313e-03
-4.664381061475406792e-02
2.458425031762308810e-01
-1.411754719057371765e-01
2.802494193237708431e-01
1.307473517008194419e-01
1.397196166803276463e-01
-8.958836618852443479e-02
1.755725848565579117e-01
-6.775289278688542693e-02
-4.137098567622907869e-02
-3.170082162090149258e-01
-3.572428883196689803e-02
5.635863198770472982e-02
-2.260649047131148559e-01
2.956846950204900515e-01
-2.048554126434438960e-01
-1.821665217008195947e-01
9.035248303278675674e-02
1.276551654713116712e-01
2.492899114754091316e-01
-1.817381432581961220e-01
-1.756082951844260553e-01
3.096248694467224061e-01
-2.006499334016388983e-02
-2.433377590573774507e-01
1.359011210450828400e-01
-5.529944089959003550e-01
2.763779451434421608e-01
-9.495038538934462424e-02
1.909024555327838366e-02
-5.698513221311474197e-02
2.701413696721319604e-02
5.770120274590198051e-01
5.117443174180350690e-02
-1.709018559221313627e-01
-3.307953304303267728e-01
-6.505441323770491668e-02
4.958383503688522098e-01
6.151341950819717158e-02
5.453466622950847026e-02
-2.989326561680333838e-01
-3.786598420696701273e-01
5.720408137295096562e-02
-1.395622477049169585e-01
3.217248860655726184e-02
-3.242013887295081692e-02
2.069888238319669005e-01
-2.373585633811477469e-01
-1.652145473770487150e-01
1.220503891803281643e-01
3.948790731557379197e-02
2.269649784631148359e-01
2.850217376434421301e-01
4.483984018442641051e-02
-1.117038029713121189e-01
-3.031790943647556524e-01
3.561913149590157507e-02
3.601127232581976534e-01
1.088476280737702973e-01
-1.466033096311471218e-02
8.482420344262284195e-02
-2.096669474180334336e-01
3.653424807786894712e-01
-2.627349161270491895e-01
-4.670456959016403009e-02
-2.307818997131157457e-01
-3.682518781967236143e-01
-2.534401389344261013e-02
-8.755058370901702691e-02
2.665994745696730894e-01
-1.956591592213115238e-01
3.529303603893436669e-01
-3.855271005737694323e-01
3.882765969467212308e-01
2.100229279098352886e-01
2.915115280737694270e-02
-2.405125396106552182e-01
-2.154893433196714003e-01
-2.157381121516392664e-01
-1.328895240573766678e-01
-3.083223602459007062e-01
1.219339402254098897e-01
4.017793285040980877e-01
-3.672608391393477473e-02
-8.944300834016397084e-02
-1.565780474180335502e-01
3.093435350409841356e-02
-3.101218086065588575e-01
2.632240991803294974e-02
1.482045045081969992e-01
2.301107007786878655e-01
-2.104232148565576554e-01
1.048109164549179406e-01
-2.583844537295070798e-01
-7.765021340163923147e-02
4.147575588934434565e-01
-4.178379707786886166e-01
-1.445946661475411010e-01
-7.075676157786854603e-02
-4.399010882377053511e-01
-8.250903743852441852e-02
2.846301484426229655e-01
-8.648767479508225053e-02
-1.206220075819670612e-01
-2.987934307991798044e-01
-1.444221519467213943e-01
3.868871106762314938e-01
4.561330488934449146e-01
2.159506192622949114e-02
-4.392482858606541057e-02
-3.057773195901647978e-01
-1.430699937704912883e-01
2.508543321721309338e-01
8.737253178278671373e-02
1.952103610040982207e-01
2.888303076024587579e-01
-2.915741552049177510e-01
2.630663564959015432e-01
-1.560403587909837131e-01
-1.217246209836064519e-01
-7.068818524590179606e-03
3.632764397336060713e-01
-4.226658272745900669e-01
2.977491896516397119e-01
2.732002375204933831e-01
-3.369116845696722984e-01
8.816146538934445387e-02
-1.466195864754096800e-01
1.461647433196713863e-01
1.586166184221308173e-01
5.429616127049260825e-03
2.855125006762279649e-01
1.946357073770504584e-02
1.035520444672132223e-01
-4.937216080942611329e-01
5.331092088729522116e-01
5.690229999999998206e-02
-2.851962291393441706e-01
6.230206813114751441e-01
-4.054894698770487027e-01
-3.037645099385244407e-01
-3.134722316803270625e-01
2.379991187704907085e-01
-1.894291605122951638e-01
-1.149599907786882230e-01
-7.256171016393450635e-02
-3.237022582172124352e-01
2.093057651229509875e-01
-9.308296829918029369e-02
-5.221853288934416026e-01
-1.113077213114761809e-03
-9.157697331967203092e-02
-7.004897184426225887e-02
-2.136774243852456248e-02
-4.453976086065584289e-02
-3.398288790983609864e-02
7.547304016393356629e-03
4.140090829098369007e-01
-1.247315114754104226e-01
7.318353012295102100e-02
-4.614335514139336070e-01
1.529366811475409704e-01
-1.774506806967212080e-01
1.445188910655735293e-01
2.188887301229504589e-01
9.879915297131151852e-02
-9.051705987704872225e-02
-3.017911169672133354e-01
-3.016908342213098781e-01
-2.739230059426222552e-01
-5.688644450819691639e-02
-3.777721133196716430e-01
-1.968662819057379332e-01
-2.967052142008203552e-01
4.262808519877064328e-01
1.760792008606555659e-01
-2.262775322131155842e-01
-4.056441586065594879e-02
1.401823202459014095e-01
6.292412655737725236e-02
2.101285794467204482e-01
-4.264473051844250295e-01
-4.628955737703950796e-04
1.761624910860636051e-01
-3.795806171926242034e-01
2.208237679098364048e-01
3.142954867213108572e-01
1.286695296721308834e-01
2.035016239959017148e-01
7.016979754098488960e-03
3.710991500614757022e-01
-2.941827563114760014e-01
-1.157054662704916359e-01
-5.499778252049154770e-02
-8.291575000001057344e-04
-3.412915001434417284e-01
1.003152622336064836e-01
3.220907254098175510e-03
-3.085613639549180665e-01
4.833335177663913296e-01
-6.215745831967227353e-02
-2.120928372540987761e-01
3.477400611065550873e-01
-8.215835377049184041e-02
-3.854153242008200864e-01
2.334879251639336017e-01
1.904604196721311204e-01
3.952470325819657654e-02
6.186754385655719446e-01
-3.029665415368848480e-01
-1.062585152663940019e-01
-6.868314127049159057e-02
1.871471004508202529e-01
-7.348166055327857993e-02
1.281888530737697596e-01
-1.786763045696720675e-01
-3.466109122745894555e-01
5.530359446721365944e-03
-7.464009956967206094e-02
-1.252888321926227400e-01
2.605656208811485408e-01
3.147058892418032050e-01
7.896865301229502587e-02
1.653794573770447571e-02
5.493520411885255417e-02
-7.007601723360602775e-02
-2.804637080122939219e-01
2.537953765368843317e-01
-6.308973092213100708e-02
1.706269058606563471e-01
-2.568040470696738575e-01
1.288413333196717636e-01
-1.014268106762291483e-01
9.783420512295424101e-03
-5.310893864754085980e-01
-1.477767818237707420e-01
3.733015414549175071e-01
-1.013388992622950846e-01
-8.065599979508229767e-02
-5.043509254098354350e-02
9.851939295081987846e-02
3.689234383196721839e-02
3.795085809221295792e-01
-1.528659327868848727e-01
-1.060080942008196914e-01
9.191817477459031382e-02
-3.733132347950822161e-01
2.155873469262301334e-01
7.472404393442526327e-02
4.344305750409836464e-01
1.512045743442622103e-01
4.281286384221293373e-01
-9.773929536885216096e-02
-1.413710710655737557e-01
2.021886203278686622e-01
-2.223927606352463782e-01
1.609039617827865420e-01
6.264420840164108134e-03
2.644876998155737402e-01
-4.713633546106560379e-01
-2.946514049999993112e-01
3.964194891803272114e-01
2.383819689549173393e-01
2.245962907991796431e-01
2.750754378688526347e-01
-1.512519789549183202e-01
-2.239182054098364794e-01
-1.055263665983616206e-02
3.273541200409840757e-01
-6.542290520491808592e-02
-1.321980903073773639e-01
-6.541018476844283613e-01
-5.998850129098355632e-02
-2.784073618852432944e-02
-3.626899180327865929e-02
1.017339468852455492e-01
-1.500100377459015200e-01
4.379603412090162240e-01
-1.679416972950821541e-01
9.694471317622976869e-02
-2.758567849795089955e-01
-9.527745233606481345e-02
4.038135231147554904e-01
1.171550029918032587e-01
-1.921237666188524151e-01
-5.148848166188513265e-01
3.739317015163919344e-01
-1.311238115163935736e-01
3.147201256147532100e-01
3.480423497131151511e-01
-1.519193473975409825e-01
-3.149953229713114977e-01
-3.349136398360665900e-01
-4.157777710040998498e-01
