1.000000000000000000e+00
2.917889999999999873e+03
2.917889999999999873e+03
2.917889999999999873e+03
2.917889999999999873e+03
2.917889999999999873e+03
2.917889999999999873e+03
2.917889999999999873e+03
2.917889999999999873e+03
2.917889999999999873e+03
2.917889999999999873e+03
2.917889999999999873e+03
2.917889999999999873e+03
2.917889999999999873e+03
2.917889999999999873e+03
2.917889999999999873e+03
2.917889999999999873e+03
2.917889999999999873e+03
2.920250000000000000e+03
2.920250000000000000e+03
2.920250000000000000e+03
2.920250000000000000e+03
2.920250000000000000e+03
2.920250000000000000e+03
2.951639999999999873e+03
2.944940000000000055e+03
2.944940000000000055e+03
2.944940000000000055e+03
2.944940000000000055e+03
2.944940000000000055e+03
2.944940000000000055e+03
2.944940000000000055e+03
2.944940000000000055e+03
2.944940000000000055e+03
2.944940000000000055e+03
2.944940000000000055e+03
2.944940000000000055e+03
2.944940000000000055e+03
2.944940000000000055e+03
2.944940000000000055e+03
2.944940000000000055e+03
2.944940000000000055e+03
2.944940000000000055e+03
2.944940000000000055e+03
2.944940000000000055e+03
2.944940000000000055e+03
2.944940000000000055e+03
2.944940000000000055e+03
2.944940000000000055e+03
2.944940000000000055e+03
2.944940000000000055e+03
2.944940000000000055e+03
2.944940000000000055e+03
2.944940000000000055e+03
2.944940000000000055e+03
2.944940000000000055e+03
2.944940000000000055e+03
2.944940000000000055e+03
2.944940000000000055e+03
2.944940000000000055e+03
2.944940000000000055e+03
1.000000000000000000e+00
1.000000000000000000e+00
1.000000000000000000e+00
1.000000000000000000e+00
1.000000000000000000e+00
1.000000000000000000e+00
1.000000000000000000e+00
1.000000000000000000e+00
1.000000000000000000e+00
1.000000000000000000e+00
2.912969999999999800e+03
2.912969999999999800e+03
2.912969999999999800e+03
2.912969999999999800e+03
2.912969999999999800e+03
2.912969999999999800e+03
2.912969999999999800e+03
2.912969999999999800e+03
2.912969999999999800e+03
2.912969999999999800e+03
2.912969999999999800e+03
2.912969999999999800e+03
2.912969999999999800e+03
2.912969999999999800e+03
2.912969999999999800e+03
2.912969999999999800e+03
2.924130000000000109e+03
2.910730000000000018e+03
2.910730000000000018e+03
2.910730000000000018e+03
2.910730000000000018e+03
2.910730000000000018e+03
2.910730000000000018e+03
2.910730000000000018e+03
2.910730000000000018e+03
2.910730000000000018e+03
2.910730000000000018e+03
2.910730000000000018e+03
2.910730000000000018e+03
2.910730000000000018e+03
2.929420000000000073e+03
2.929420000000000073e+03
2.929420000000000073e+03
2.929420000000000073e+03
2.929420000000000073e+03
2.929420000000000073e+03
2.929420000000000073e+03
2.929420000000000073e+03
2.929420000000000073e+03
2.929420000000000073e+03
2.929420000000000073e+03
2.929420000000000073e+03
2.929420000000000073e+03
2.929420000000000073e+03
2.929420000000000073e+03
2.929420000000000073e+03
2.929420000000000073e+03
2.929420000000000073e+03
2.929420000000000073e+03
2.929420000000000073e+03
2.954000000000000000e+03
1.000000000000000000e+00
1.000000000000000000e+00
2.917690000000000055e+03
2.917690000000000055e+03
2.917690000000000055e+03
2.915610000000000127e+03
2.915610000000000127e+03
2.915610000000000127e+03
2.919849999999999909e+03
2.919849999999999909e+03
2.919849999999999909e+03
2.919849999999999909e+03
2.919849999999999909e+03
2.927449999999999818e+03
2.927449999999999818e+03
2.927449999999999818e+03
2.927449999999999818e+03
2.927449999999999818e+03
2.927449999999999818e+03
2.927449999999999818e+03
2.927449999999999818e+03
2.946400000000000091e+03
2.957389999999999873e+03
2.933920000000000073e+03
2.933920000000000073e+03
2.933920000000000073e+03
2.960420000000000073e+03
2.960420000000000073e+03
2.960420000000000073e+03
2.960420000000000073e+03
2.959699999999999818e+03
2.951699999999999818e+03
2.954199999999999818e+03
2.954199999999999818e+03
2.954199999999999818e+03
2.954199999999999818e+03
2.954199999999999818e+03
2.954199999999999818e+03
2.954199999999999818e+03
2.954199999999999818e+03
2.954199999999999818e+03
2.954199999999999818e+03
2.954199999999999818e+03
2.954199999999999818e+03
2.954199999999999818e+03
2.954199999999999818e+03
2.954199999999999818e+03
2.954199999999999818e+03
2.929480000000000018e+03
2.929480000000000018e+03
2.929480000000000018e+03
2.929480000000000018e+03
2.929480000000000018e+03
2.929480000000000018e+03
2.929480000000000018e+03
2.929480000000000018e+03
2.929480000000000018e+03
2.929480000000000018e+03
2.929480000000000018e+03
2.929480000000000018e+03
2.929480000000000018e+03
1.000000000000000000e+00
2.963150000000000091e+03
2.963150000000000091e+03
2.963150000000000091e+03
2.870429999999999836e+03
2.882070000000000164e+03
2.882070000000000164e+03
2.882070000000000164e+03
2.878869999999999891e+03
2.873969999999999800e+03
2.873969999999999800e+03
2.873969999999999800e+03
2.912010000000000218e+03
2.912010000000000218e+03
2.912010000000000218e+03
2.912010000000000218e+03
2.912010000000000218e+03
2.912010000000000218e+03
2.912010000000000218e+03
2.912010000000000218e+03
2.912010000000000218e+03
2.924059999999999945e+03
2.924059999999999945e+03
2.924059999999999945e+03
2.924059999999999945e+03
2.924059999999999945e+03
2.924059999999999945e+03
2.924059999999999945e+03
2.924059999999999945e+03
2.924059999999999945e+03
2.924059999999999945e+03
2.924059999999999945e+03
2.924059999999999945e+03
2.924059999999999945e+03
2.924059999999999945e+03
2.924059999999999945e+03
2.924059999999999945e+03
2.924059999999999945e+03
2.924059999999999945e+03
2.924059999999999945e+03
2.924059999999999945e+03
2.924059999999999945e+03
2.924059999999999945e+03
2.924059999999999945e+03
2.924059999999999945e+03
2.924059999999999945e+03
2.924059999999999945e+03
2.924059999999999945e+03
2.924059999999999945e+03
2.924059999999999945e+03
2.924059999999999945e+03
2.924059999999999945e+03
2.924059999999999945e+03
2.924059999999999945e+03
2.924059999999999945e+03
2.924059999999999945e+03
2.924059999999999945e+03
2.924059999999999945e+03
2.924059999999999945e+03
2.924059999999999945e+03
2.924059999999999945e+03
1.000000000000000000e+00
2.944429999999999836e+03
2.944429999999999836e+03
2.944429999999999836e+03
2.944429999999999836e+03
2.944429999999999836e+03
2.932789999999999964e+03
2.932789999999999964e+03
2.932789999999999964e+03
2.932789999999999964e+03
2.932789999999999964e+03
2.880420000000000073e+03
2.880420000000000073e+03
2.880420000000000073e+03
2.880420000000000073e+03
2.880420000000000073e+03
2.880420000000000073e+03
2.880420000000000073e+03
2.880420000000000073e+03
2.880420000000000073e+03
2.880420000000000073e+03
2.954420000000000073e+03
2.925909999999999854e+03
2.914800000000000182e+03
2.914800000000000182e+03
2.914800000000000182e+03
2.914800000000000182e+03
2.914800000000000182e+03
2.914800000000000182e+03
2.914800000000000182e+03
2.914800000000000182e+03
2.914800000000000182e+03
2.914800000000000182e+03
2.914800000000000182e+03
2.914800000000000182e+03
2.914800000000000182e+03
2.914800000000000182e+03
2.914800000000000182e+03
2.914800000000000182e+03
2.914800000000000182e+03
2.914800000000000182e+03
2.914800000000000182e+03
2.914800000000000182e+03
2.914800000000000182e+03
2.914800000000000182e+03
2.914800000000000182e+03
2.914800000000000182e+03
2.914800000000000182e+03
2.914800000000000182e+03
2.914800000000000182e+03
2.914800000000000182e+03
2.914800000000000182e+03
2.914800000000000182e+03
2.914800000000000182e+03
2.914800000000000182e+03
2.914800000000000182e+03
2.914800000000000182e+03
2.914800000000000182e+03
2.914800000000000182e+03
2.914800000000000182e+03
2.914800000000000182e+03
2.934980000000000018e+03
2.934980000000000018e+03
2.934980000000000018e+03
2.934980000000000018e+03
2.934980000000000018e+03
2.934980000000000018e+03
2.934980000000000018e+03
2.916860000000000127e+03
2.916860000000000127e+03
2.916860000000000127e+03
2.916860000000000127e+03
2.916860000000000127e+03
2.916860000000000127e+03
2.916860000000000127e+03
2.916860000000000127e+03
2.916860000000000127e+03
2.916860000000000127e+03
2.916860000000000127e+03
2.916860000000000127e+03
2.916860000000000127e+03
2.916860000000000127e+03
2.961769999999999982e+03
2.961769999999999982e+03
2.961769999999999982e+03
2.936329999999999927e+03
2.928449999999999818e+03
2.928449999999999818e+03
2.928449999999999818e+03
2.945329999999999927e+03
2.945329999999999927e+03
2.945329999999999927e+03
2.945329999999999927e+03
2.945329999999999927e+03
2.945329999999999927e+03
2.945329999999999927e+03
2.945329999999999927e+03
2.945329999999999927e+03
2.945329999999999927e+03
2.945329999999999927e+03
2.945329999999999927e+03
2.945329999999999927e+03
2.945329999999999927e+03
2.945329999999999927e+03
2.945329999999999927e+03
2.945329999999999927e+03
2.945329999999999927e+03
2.945329999999999927e+03
2.945329999999999927e+03
2.945329999999999927e+03
2.945329999999999927e+03
2.945329999999999927e+03
2.945329999999999927e+03
2.945329999999999927e+03
2.945329999999999927e+03
2.945329999999999927e+03
2.945329999999999927e+03
2.945329999999999927e+03
2.945329999999999927e+03
2.945329999999999927e+03
2.945329999999999927e+03
2.945329999999999927e+03
1.000000000000000000e+00
1.000000000000000000e+00
2.929070000000000164e+03
2.929070000000000164e+03
2.965599999999999909e+03
2.965599999999999909e+03
2.965599999999999909e+03
2.965599999999999909e+03
2.965599999999999909e+03
2.965599999999999909e+03
2.965599999999999909e+03
2.965599999999999909e+03
2.965599999999999909e+03
2.965599999999999909e+03
2.873039999999999964e+03
2.873039999999999964e+03
2.910690000000000055e+03
2.910690000000000055e+03
2.910690000000000055e+03
2.910690000000000055e+03
2.910690000000000055e+03
2.885159999999999854e+03
2.885159999999999854e+03
2.957159999999999854e+03
2.920010000000000218e+03
2.920130000000000109e+03
2.920130000000000109e+03
2.920130000000000109e+03
2.920130000000000109e+03
2.920130000000000109e+03
2.920130000000000109e+03
2.920130000000000109e+03
2.905070000000000164e+03
2.905070000000000164e+03
2.905070000000000164e+03
2.905070000000000164e+03
2.905070000000000164e+03
2.905070000000000164e+03
2.905070000000000164e+03
2.905070000000000164e+03
2.905070000000000164e+03
2.905070000000000164e+03
2.905070000000000164e+03
2.905070000000000164e+03
2.905070000000000164e+03
2.905070000000000164e+03
2.905070000000000164e+03
2.905070000000000164e+03
2.905070000000000164e+03
2.905070000000000164e+03
2.905070000000000164e+03
2.905070000000000164e+03
2.905070000000000164e+03
2.905070000000000164e+03
2.905070000000000164e+03
2.905070000000000164e+03
2.905070000000000164e+03
2.905070000000000164e+03
2.921360000000000127e+03
2.921360000000000127e+03
2.921360000000000127e+03
1.000000000000000000e+00
2.933110000000000127e+03
2.933110000000000127e+03
2.924480000000000018e+03
2.924480000000000018e+03
2.936940000000000055e+03
2.923710000000000036e+03
2.923710000000000036e+03
2.923710000000000036e+03
2.923710000000000036e+03
2.923710000000000036e+03
2.923710000000000036e+03
2.923710000000000036e+03
2.923710000000000036e+03
2.923710000000000036e+03
2.923710000000000036e+03
2.923710000000000036e+03
2.923710000000000036e+03
2.923710000000000036e+03
2.923710000000000036e+03
2.928769999999999982e+03
2.928769999999999982e+03
2.920250000000000000e+03
2.913159999999999854e+03
2.913159999999999854e+03
2.913159999999999854e+03
2.913159999999999854e+03
2.913159999999999854e+03
2.913159999999999854e+03
2.913159999999999854e+03
2.913159999999999854e+03
2.913159999999999854e+03
2.913159999999999854e+03
2.913159999999999854e+03
2.913159999999999854e+03
2.946730000000000018e+03
2.946730000000000018e+03
2.946730000000000018e+03
2.946730000000000018e+03
2.946730000000000018e+03
2.938190000000000055e+03
2.938190000000000055e+03
2.931159999999999854e+03
2.931159999999999854e+03
2.931159999999999854e+03
2.931159999999999854e+03
2.931159999999999854e+03
2.931159999999999854e+03
2.931159999999999854e+03
2.931159999999999854e+03
2.931159999999999854e+03
2.931159999999999854e+03
2.931159999999999854e+03
2.931159999999999854e+03
2.931159999999999854e+03
2.931159999999999854e+03
2.931159999999999854e+03
2.931159999999999854e+03
2.931159999999999854e+03
2.931159999999999854e+03
2.931159999999999854e+03
