1.000000000000000000e+00
4.626899999999999977e+02
4.626899999999999977e+02
4.626899999999999977e+02
4.626899999999999977e+02
4.626899999999999977e+02
4.626899999999999977e+02
4.626899999999999977e+02
4.626899999999999977e+02
4.626899999999999977e+02
4.626899999999999977e+02
4.626899999999999977e+02
4.626899999999999977e+02
4.626899999999999977e+02
4.626899999999999977e+02
4.626899999999999977e+02
4.626899999999999977e+02
4.626899999999999977e+02
4.691600000000000250e+02
4.691600000000000250e+02
4.691600000000000250e+02
4.691600000000000250e+02
4.691600000000000250e+02
4.691600000000000250e+02
4.692300000000000182e+02
4.729300000000000068e+02
4.729300000000000068e+02
4.729300000000000068e+02
4.729300000000000068e+02
4.729300000000000068e+02
4.729300000000000068e+02
4.729300000000000068e+02
4.729300000000000068e+02
4.729300000000000068e+02
4.729300000000000068e+02
4.729300000000000068e+02
4.729300000000000068e+02
4.729300000000000068e+02
4.729300000000000068e+02
4.729300000000000068e+02
4.729300000000000068e+02
4.729300000000000068e+02
4.729300000000000068e+02
4.729300000000000068e+02
4.729300000000000068e+02
4.729300000000000068e+02
4.729300000000000068e+02
4.729300000000000068e+02
4.729300000000000068e+02
4.729300000000000068e+02
4.729300000000000068e+02
4.729300000000000068e+02
4.729300000000000068e+02
4.729300000000000068e+02
4.729300000000000068e+02
4.729300000000000068e+02
4.729300000000000068e+02
4.729300000000000068e+02
4.729300000000000068e+02
4.729300000000000068e+02
4.729300000000000068e+02
1.000000000000000000e+00
1.000000000000000000e+00
1.000000000000000000e+00
1.000000000000000000e+00
1.000000000000000000e+00
1.000000000000000000e+00
1.000000000000000000e+00
1.000000000000000000e+00
1.000000000000000000e+00
1.000000000000000000e+00
4.865500000000000114e+02
4.865500000000000114e+02
4.865500000000000114e+02
4.865500000000000114e+02
4.865500000000000114e+02
4.865500000000000114e+02
4.865500000000000114e+02
4.865500000000000114e+02
4.865500000000000114e+02
4.865500000000000114e+02
4.865500000000000114e+02
4.865500000000000114e+02
4.865500000000000114e+02
4.865500000000000114e+02
4.865500000000000114e+02
4.865500000000000114e+02
4.780699999999999932e+02
4.786600000000000250e+02
4.786600000000000250e+02
4.786600000000000250e+02
4.786600000000000250e+02
4.786600000000000250e+02
4.786600000000000250e+02
4.786600000000000250e+02
4.786600000000000250e+02
4.786600000000000250e+02
4.786600000000000250e+02
4.786600000000000250e+02
4.786600000000000250e+02
4.786600000000000250e+02
4.651999999999999886e+02
4.651999999999999886e+02
4.651999999999999886e+02
4.651999999999999886e+02
4.651999999999999886e+02
4.651999999999999886e+02
4.651999999999999886e+02
4.651999999999999886e+02
4.651999999999999886e+02
4.651999999999999886e+02
4.651999999999999886e+02
4.651999999999999886e+02
4.651999999999999886e+02
4.651999999999999886e+02
4.651999999999999886e+02
4.651999999999999886e+02
4.651999999999999886e+02
4.651999999999999886e+02
4.651999999999999886e+02
4.651999999999999886e+02
4.715500000000000114e+02
1.000000000000000000e+00
1.000000000000000000e+00
4.587500000000000000e+02
4.587500000000000000e+02
4.587500000000000000e+02
4.609499999999999886e+02
4.609499999999999886e+02
4.609499999999999886e+02
4.702400000000000091e+02
4.702400000000000091e+02
4.702400000000000091e+02
4.702400000000000091e+02
4.702400000000000091e+02
4.616999999999999886e+02
4.616999999999999886e+02
4.616999999999999886e+02
4.616999999999999886e+02
4.616999999999999886e+02
4.616999999999999886e+02
4.616999999999999886e+02
4.616999999999999886e+02
4.881399999999999864e+02
4.710299999999999727e+02
4.635600000000000023e+02
4.635600000000000023e+02
4.635600000000000023e+02
4.614800000000000182e+02
4.614800000000000182e+02
4.614800000000000182e+02
4.614800000000000182e+02
4.600400000000000205e+02
4.663100000000000023e+02
4.598899999999999864e+02
4.598899999999999864e+02
4.598899999999999864e+02
4.598899999999999864e+02
4.598899999999999864e+02
4.598899999999999864e+02
4.598899999999999864e+02
4.598899999999999864e+02
4.598899999999999864e+02
4.598899999999999864e+02
4.598899999999999864e+02
4.598899999999999864e+02
4.598899999999999864e+02
4.598899999999999864e+02
4.598899999999999864e+02
4.598899999999999864e+02
4.682799999999999727e+02
4.682799999999999727e+02
4.682799999999999727e+02
4.682799999999999727e+02
4.682799999999999727e+02
4.682799999999999727e+02
4.682799999999999727e+02
4.682799999999999727e+02
4.682799999999999727e+02
4.682799999999999727e+02
4.682799999999999727e+02
4.682799999999999727e+02
4.682799999999999727e+02
1.000000000000000000e+00
4.502799999999999727e+02
4.502799999999999727e+02
4.502799999999999727e+02
4.968100000000000023e+02
4.961000000000000227e+02
4.961000000000000227e+02
4.961000000000000227e+02
4.814399999999999977e+02
4.956299999999999955e+02
4.956299999999999955e+02
4.956299999999999955e+02
4.828799999999999955e+02
4.828799999999999955e+02
4.828799999999999955e+02
4.828799999999999955e+02
4.828799999999999955e+02
4.828799999999999955e+02
4.828799999999999955e+02
4.828799999999999955e+02
4.828799999999999955e+02
4.594200000000000159e+02
4.594200000000000159e+02
4.594200000000000159e+02
4.594200000000000159e+02
4.594200000000000159e+02
4.594200000000000159e+02
4.594200000000000159e+02
4.594200000000000159e+02
4.594200000000000159e+02
4.594200000000000159e+02
4.594200000000000159e+02
4.594200000000000159e+02
4.594200000000000159e+02
4.594200000000000159e+02
4.594200000000000159e+02
4.594200000000000159e+02
4.594200000000000159e+02
4.594200000000000159e+02
4.594200000000000159e+02
4.594200000000000159e+02
4.594200000000000159e+02
4.594200000000000159e+02
4.594200000000000159e+02
4.594200000000000159e+02
4.594200000000000159e+02
4.594200000000000159e+02
4.594200000000000159e+02
4.594200000000000159e+02
4.594200000000000159e+02
4.594200000000000159e+02
4.594200000000000159e+02
4.594200000000000159e+02
4.594200000000000159e+02
4.594200000000000159e+02
4.594200000000000159e+02
4.594200000000000159e+02
4.594200000000000159e+02
4.594200000000000159e+02
4.594200000000000159e+02
4.594200000000000159e+02
1.000000000000000000e+00
4.750099999999999909e+02
4.750099999999999909e+02
4.750099999999999909e+02
4.750099999999999909e+02
4.750099999999999909e+02
4.632799999999999727e+02
4.632799999999999727e+02
4.632799999999999727e+02
4.632799999999999727e+02
4.632799999999999727e+02
5.058600000000000136e+02
5.058600000000000136e+02
5.058600000000000136e+02
5.058600000000000136e+02
5.058600000000000136e+02
5.058600000000000136e+02
5.058600000000000136e+02
5.058600000000000136e+02
5.058600000000000136e+02
5.058600000000000136e+02
4.613899999999999864e+02
4.584900000000000091e+02
4.683899999999999864e+02
4.683899999999999864e+02
4.683899999999999864e+02
4.683899999999999864e+02
4.683899999999999864e+02
4.683899999999999864e+02
4.683899999999999864e+02
4.683899999999999864e+02
4.683899999999999864e+02
4.683899999999999864e+02
4.683899999999999864e+02
4.683899999999999864e+02
4.683899999999999864e+02
4.683899999999999864e+02
4.683899999999999864e+02
4.683899999999999864e+02
4.683899999999999864e+02
4.683899999999999864e+02
4.683899999999999864e+02
4.683899999999999864e+02
4.683899999999999864e+02
4.683899999999999864e+02
4.683899999999999864e+02
4.683899999999999864e+02
4.683899999999999864e+02
4.683899999999999864e+02
4.683899999999999864e+02
4.683899999999999864e+02
4.683899999999999864e+02
4.683899999999999864e+02
4.683899999999999864e+02
4.683899999999999864e+02
4.683899999999999864e+02
4.683899999999999864e+02
4.683899999999999864e+02
4.683899999999999864e+02
4.683899999999999864e+02
4.683899999999999864e+02
4.468799999999999955e+02
4.468799999999999955e+02
4.468799999999999955e+02
4.468799999999999955e+02
4.468799999999999955e+02
4.468799999999999955e+02
4.468799999999999955e+02
4.886100000000000136e+02
4.886100000000000136e+02
4.886100000000000136e+02
4.886100000000000136e+02
4.886100000000000136e+02
4.886100000000000136e+02
4.886100000000000136e+02
4.886100000000000136e+02
4.886100000000000136e+02
4.886100000000000136e+02
4.886100000000000136e+02
4.886100000000000136e+02
4.886100000000000136e+02
4.886100000000000136e+02
4.575099999999999909e+02
4.575099999999999909e+02
4.575099999999999909e+02
4.545699999999999932e+02
4.653000000000000114e+02
4.653000000000000114e+02
4.653000000000000114e+02
4.738000000000000114e+02
4.738000000000000114e+02
4.738000000000000114e+02
4.738000000000000114e+02
4.738000000000000114e+02
4.738000000000000114e+02
4.738000000000000114e+02
4.738000000000000114e+02
4.738000000000000114e+02
4.738000000000000114e+02
4.738000000000000114e+02
4.738000000000000114e+02
4.738000000000000114e+02
4.738000000000000114e+02
4.738000000000000114e+02
4.738000000000000114e+02
4.738000000000000114e+02
4.738000000000000114e+02
4.738000000000000114e+02
4.738000000000000114e+02
4.738000000000000114e+02
4.738000000000000114e+02
4.738000000000000114e+02
4.738000000000000114e+02
4.738000000000000114e+02
4.738000000000000114e+02
4.738000000000000114e+02
4.738000000000000114e+02
4.738000000000000114e+02
4.738000000000000114e+02
4.738000000000000114e+02
4.738000000000000114e+02
4.738000000000000114e+02
1.000000000000000000e+00
1.000000000000000000e+00
4.635799999999999841e+02
4.635799999999999841e+02
4.635899999999999750e+02
4.635899999999999750e+02
4.635899999999999750e+02
4.635899999999999750e+02
4.635899999999999750e+02
4.635899999999999750e+02
4.635899999999999750e+02
4.635899999999999750e+02
4.635899999999999750e+02
4.635899999999999750e+02
4.859599999999999795e+02
4.859599999999999795e+02
4.862799999999999727e+02
4.862799999999999727e+02
4.862799999999999727e+02
4.862799999999999727e+02
4.862799999999999727e+02
5.152899999999999636e+02
5.152899999999999636e+02
4.557500000000000000e+02
4.716600000000000250e+02
4.610600000000000023e+02
4.610600000000000023e+02
4.610600000000000023e+02
4.610600000000000023e+02
4.610600000000000023e+02
4.610600000000000023e+02
4.610600000000000023e+02
4.834800000000000182e+02
4.834800000000000182e+02
4.834800000000000182e+02
4.834800000000000182e+02
4.834800000000000182e+02
4.834800000000000182e+02
4.834800000000000182e+02
4.834800000000000182e+02
4.834800000000000182e+02
4.834800000000000182e+02
4.834800000000000182e+02
4.834800000000000182e+02
4.834800000000000182e+02
4.834800000000000182e+02
4.834800000000000182e+02
4.834800000000000182e+02
4.834800000000000182e+02
4.834800000000000182e+02
4.834800000000000182e+02
4.834800000000000182e+02
4.834800000000000182e+02
4.834800000000000182e+02
4.834800000000000182e+02
4.834800000000000182e+02
4.834800000000000182e+02
4.834800000000000182e+02
4.845099999999999909e+02
4.845099999999999909e+02
4.845099999999999909e+02
1.000000000000000000e+00
4.753100000000000023e+02
4.753100000000000023e+02
4.807799999999999727e+02
4.807799999999999727e+02
4.559399999999999977e+02
4.484399999999999977e+02
4.484399999999999977e+02
4.484399999999999977e+02
4.484399999999999977e+02
4.484399999999999977e+02
4.484399999999999977e+02
4.484399999999999977e+02
4.484399999999999977e+02
4.484399999999999977e+02
4.484399999999999977e+02
4.484399999999999977e+02
4.484399999999999977e+02
4.484399999999999977e+02
4.484399999999999977e+02
4.686700000000000159e+02
4.686700000000000159e+02
4.776200000000000045e+02
4.774499999999999886e+02
4.774499999999999886e+02
4.774499999999999886e+02
4.774499999999999886e+02
4.774499999999999886e+02
4.774499999999999886e+02
4.774499999999999886e+02
4.774499999999999886e+02
4.774499999999999886e+02
4.774499999999999886e+02
4.774499999999999886e+02
4.774499999999999886e+02
4.664599999999999795e+02
4.664599999999999795e+02
4.664599999999999795e+02
4.664599999999999795e+02
4.664599999999999795e+02
4.727300000000000182e+02
4.727300000000000182e+02
4.628199999999999932e+02
4.628199999999999932e+02
4.628199999999999932e+02
4.628199999999999932e+02
4.628199999999999932e+02
4.628199999999999932e+02
4.628199999999999932e+02
4.628199999999999932e+02
4.628199999999999932e+02
4.628199999999999932e+02
4.628199999999999932e+02
4.628199999999999932e+02
4.628199999999999932e+02
4.628199999999999932e+02
4.628199999999999932e+02
4.628199999999999932e+02
4.628199999999999932e+02
4.628199999999999932e+02
4.628199999999999932e+02
