2.342400749538174620e-01
4.707323167501135663e-01
4.040862088034267718e-01
5.370591335984560288e-01
9.855473916713392487e-07
2.866284704592833021e-01
5.129234309323679186e-01
1.217883053978465469e-01
1.343743447994797703e-02
1.334818376802045237e-02
3.373603506420786990e-01
5.192157738625112096e+00
5.429076824379065329e+03
3.719712726131869207e+00
5.019697108366947408e-02
1.105274445992739663e-01
9.373961528892746364e-02
1.788235726803854564e-01
1.439561547305366063e-01
2.045273278058950261e-01
1.584004177349362663e-01
2.493126898686572612e-01
2.085237554797929049e-01
1.373915960173505701e-01
2.807327763839493340e-01
4.565753055328784504e-01
6.410549556577422869e-01
4.645158449113661603e-01
4.808796076776336026e-01
6.421819876433197960e-01
6.142201918561985829e-01
3.507658489056869056e-01
4.258801567484528094e-01
4.205831665945834463e-01
5.721118991173334001e-01
4.225005450966741738e-01
2.795371053617299317e-01
4.232630283108257396e-01
4.218425974590641614e-01
6.627383131707516029e-01
4.746700114880932353e-01
3.936990176941242425e-01
5.444470004365861149e-01
4.549184553008668863e-01
5.058739157064630065e-01
6.093709951086634380e-01
5.593899414273150184e-01
3.824238028119976707e-01
4.876435924268399114e-01
4.010115526960670307e-01
4.642638992273997456e-01
5.545108133001217521e-01
4.374848661157906826e-01
4.187671724630048775e-01
4.767901576643763240e-01
5.451253469158900966e-01
4.203671504702737871e-01
4.123529002695447976e-01
4.141538057646781956e-01
4.908267821003814424e-01
4.347382312342965571e-01
5.325817863309429967e-01
3.549326461786916909e-01
3.627101828975879960e-01
4.968813073644416378e-01
4.366508953298450235e-01
3.066952801644450832e-01
5.661909907155676658e-01
5.940331301637504779e-01
5.990173441322113046e-01
3.935669368023700931e-01
7.085633490181183491e-01
4.030000593373562756e-01
6.005996705065644869e-01
4.892332271976961855e-01
7.164790312521149840e-01
2.490279843576577445e-01
4.569928778458304808e-01
5.299485860459131059e-01
4.478789508758811433e-01
3.462977477414380667e-01
4.335332379534608815e-01
5.612105934996654000e-01
4.632610752452966940e-01
3.530949077141085080e-01
4.894010027364941173e-01
4.764743574788405378e-01
6.085225095330315526e-01
3.352767684606379195e-01
3.871599827972836416e-01
4.678563059806427060e-01
2.716102991062404604e-01
4.741247001486181833e-01
3.930655452912238945e-01
6.010357038560744103e-01
6.171467819718313708e-01
4.509926651588427315e-01
2.916835052501823844e-01
2.946030251292907076e-01
6.780665861843997444e-01
4.915068072415841316e-01
6.762952782999871459e-01
4.343419614616560454e-01
5.951059664841954477e-01
3.572657037888677944e-01
4.607168503203021848e-01
3.102302607935777945e-01
6.207957508887335107e-01
5.558548335461150902e-01
6.265319608931455564e-01
7.545086961425194749e-01
4.033760913074475041e-01
6.019246368698261129e-01
3.995140405755006063e-01
4.354506412350349631e-01
3.593583578043749172e-01
4.708474662445201187e-01
6.522388690227057806e-01
5.844915909063601589e-01
4.513211755688389948e-01
5.617172065348905452e-01
4.873896224979089586e-01
4.835026042005075020e-01
5.448501806912069423e-01
5.017381278296780822e-01
3.944170028930429894e-01
6.613859790307723419e-01
6.423126929450050371e-01
4.745702200252033820e-01
5.131778298040960973e-01
4.897043642387641227e-01
2.485200925055402188e-01
4.348188808425731966e-01
7.155219981464215895e-01
5.592325706667883312e-01
4.765441328237832175e-01
4.694806645840363668e-01
4.210081236004534766e-01
5.502299001338817330e-01
5.400832115886347040e-01
5.771733950841965166e-01
3.584266823527058610e-01
5.536131290188636145e-01
4.236265550354012532e-01
6.368044305735012234e-01
4.020999017017986010e-01
4.786733994601223841e-01
6.432348608317296490e-01
5.590183350427796460e-01
7.093445170217452800e-01
4.446890560484082489e-01
5.532663537775650564e-01
6.106615946248044047e-01
4.267137751720830874e-01
4.017563713652582691e-01
5.103872824242938755e-01
6.671233962183007460e-01
3.996950224901242854e-01
5.105181644003056185e-01
4.479153787002777554e-01
5.369934088102745751e-01
5.961303074117703105e-01
6.577623102768210828e-01
2.971697418619992925e-01
5.487808448561806163e-01
4.106552381024284881e-01
4.105860114576251885e-01
4.313473622871547564e-01
3.900520486487751293e-01
4.813506502767076478e-01
6.226577853640646865e-01
5.086073058164426453e-01
4.220499637936905857e-01
5.013055114756819197e-01
5.978313782402956411e-01
6.593565090199982048e-01
3.380978411316031274e-01
6.526161222688395824e-01
6.589642272482069130e-01
7.119803501390410405e-01
5.044625852498330065e-01
5.527148411629659863e-01
5.071448087817339578e-01
5.169752457189027428e-01
6.469553062237269891e-01
6.453429339864533709e-01
4.534081251169910232e-01
5.869192659086915898e-01
4.601156497728586259e-01
6.643329250589403712e-01
4.815908971236155245e-01
6.467507440141393449e-01
4.480478691100965305e-01
7.059709776384471835e-01
4.206592676313346546e-01
4.812649664751908474e-01
4.850772355025379512e-01
4.013106796132027143e-01
5.921824951513625646e-01
4.479028403764047095e-01
5.707730534766346508e-01
3.766434093600488087e-01
5.278305976717255765e-01
5.311476923610826129e-01
4.275874221455405189e-01
4.283672563408105205e-01
5.820124938145936344e-01
5.577465736802318386e-01
3.990715474751705405e-01
4.384163236674757380e-01
5.558641972480400373e-01
3.818525967999453763e-01
5.112286265940444441e-01
4.370743706879443580e-01
4.557351512982060759e-01
5.144152121174850878e-01
3.914674804646601225e-01
4.869715009797968008e-01
4.626989746648431101e-01
6.791062499159816745e-01
4.805724399999186103e-01
4.478828177504887709e-01
5.393061635458117342e-01
6.456754753826556836e-01
4.758461428011258043e-01
5.487853568818574779e-01
3.727111891530766052e-01
3.557593404979239593e-01
3.938921823099336694e-01
5.870400259390349262e-01
5.497688957217570227e-01
3.984056057696258035e-01
4.739389667316877830e-01
5.914261487035786802e-01
6.052166202056735722e-01
5.038569278512576854e-01
3.916258386699135730e-01
5.372234203883827774e-01
3.941013774764856037e-01
4.998013284813064838e-01
5.855987666267967739e-01
6.701023989385040958e-01
3.969928190001451029e-01
4.829667184581711292e-01
3.421434166374483499e-01
4.481317189941944057e-01
4.792097870370662926e-01
5.350611659232279438e-01
5.812928098461733750e-01
3.730579407642392042e-01
6.430832156817418710e-01
5.656010682067904582e-01
4.940158116723502024e-01
4.195470782129631093e-01
4.885420744836723728e-01
5.662762767559598176e-01
5.016090535513669790e-01
4.331064426104194176e-01
5.094286872524338428e-01
3.887326756836330111e-01
3.162312451273297520e-01
4.337043824259140257e-01
6.677158567308146830e-01
6.299462713911682110e-01
4.809972189017011623e-01
5.029393350463912116e-01
4.335381984544466882e-01
6.469715484959996932e-01
4.777071708451111065e-01
4.739066026462387393e-01
4.203498009399613822e-01
6.194565830487905878e-01
3.314984013075624736e-01
3.371238489001997518e-01
5.164148304849330851e-01
6.038852829853995630e-01
4.061582306791845509e-01
5.598393148254522389e-01
5.586399635612796510e-01
6.962993938573951436e-01
4.193309979874782489e-01
6.026448155462920120e-01
6.479737528102595956e-01
6.409103719081090667e-01
4.299335218978273532e-01
6.472672777785325460e-01
4.720358713147386198e-01
3.788129957340984899e-01
4.166381614276620793e-01
3.945418404370079068e-01
3.819650689693781520e-01
4.059762717544441735e-01
4.553713379391120530e-01
5.258054225181677532e-01
4.586910873152206247e-01
5.010139758305492963e-01
4.764815955678644577e-01
5.289865215548746891e-01
3.486210500807999102e-01
6.021306129510768379e-01
4.516883194530512124e-01
5.559486674833050701e-01
3.596411170560840365e-01
4.128303150051529369e-01
4.195426787541512992e-01
5.472772456494615634e-01
6.094942348724012859e-01
4.601414474151708234e-01
3.157455681769272826e-01
5.684073219504126584e-01
5.955587642066725307e-01
6.115000079041641445e-01
3.903597934536104930e-01
6.088505008265530094e-01
5.180818120032381069e-01
3.804086018800845181e-01
4.821883436397522704e-01
4.273790220149704111e-01
3.298969210100282656e-01
6.058249991072172103e-01
5.157668037394461669e-01
4.267347550286008651e-01
3.603768979192706889e-01
5.350292936567793145e-01
6.623695554134308994e-01
4.984938108425210346e-01
4.431936375748450896e-01
4.035937192964787479e-01
6.143888183385314283e-01
3.442446468295757844e-01
3.172615054786052102e-01
5.508659324732946283e-01
3.948574590283641106e-01
3.781508977197127752e-01
5.806171457092862420e-01
4.995833424677498802e-01
3.095208932810784019e-01
6.195761050520218749e-01
5.784815956327271635e-01
3.131589951173199271e-01
4.501793463168353160e-01
6.342392560420538894e-01
2.760057467970685185e-01
5.484706399019145806e-01
5.028642206238359558e-01
2.802112909450935607e-01
4.474661314587972671e-01
3.787592055714992245e-01
4.521508753601074515e-01
4.006122928213708967e-01
3.109479151168564326e-01
3.285850873737488076e-01
3.661670483644311469e-01
5.640756515391980308e-01
6.243925124368118196e-01
5.773722533947592828e-01
5.927397549641421071e-01
4.518664011573903516e-01
5.476894608233927597e-01
6.696216694234740086e-01
5.139536085260395515e-01
5.438267228077171556e-01
3.942857546514641487e-01
3.633531335313996413e-01
6.901225832840625074e-01
4.037183636026397959e-01
4.546538968954287330e-01
5.139131379224557428e-01
3.480900413190082809e-01
5.514796128355210492e-01
5.330818533402825743e-01
6.255489780749355910e-01
6.287056836924851400e-01
3.996968112841865484e-01
4.874372155013659280e-01
4.980043605549039354e-01
6.614689523472896404e-01
3.266659767533589553e-01
6.046861269809167272e-01
5.825606364788373792e-01
3.795716704662560059e-01
5.208556834975035521e-01
3.719506479115957109e-01
3.900729928984971173e-01
6.128964423506106929e-01
6.750257801028132221e-01
4.335284334409572615e-01
3.132522687673680584e-01
5.300406296427081498e-01
5.156341694558229660e-01
4.928261752975622301e-01
5.340967162972525273e-01
3.546013845885949700e-01
5.243418240740727043e-01
6.564331066902661105e-01
6.148551744668951935e-01
3.529251976903881594e-01
5.103100060021680262e-01
5.341231524930536434e-01
4.627864354331043262e-01
5.708307256456662815e-01
7.381786925946319800e-01
3.589479686089073196e-01
6.849328842489376123e-01
4.933150417460668846e-01
3.970561892220634270e-01
3.328555275580276085e-01
5.903382911038810299e-01
4.366047597277414871e-01
5.687781063776531365e-01
5.247647887308239945e-01
6.055727411084841361e-01
5.124339828783158746e-01
4.814654913904428679e-01
7.422988537272871001e-01
4.004178188729846100e-01
3.672559522418415434e-01
5.474955216740114983e-01
3.403440283288030610e-01
4.901784137700856414e-01
3.683937185621408705e-01
4.462701804359069935e-01
3.841934998025776649e-01
6.951628494174418860e-01
5.242069925853294343e-01
