
samples_per_chain:,100
burnin:,0.1
num params:,425
initial_proposed_vec:,[ 1.05661770e+00  1.65148218e+00  7.51504233e-01  9.51231248e-01
  1.00000000e-06  5.00000000e-01  1.00000000e+00  5.00000000e-03
  1.00000000e-03  1.00000000e-03  5.00000000e-01  5.00000000e+00
  2.40000000e+04  5.00000000e+00  1.00000000e-02  8.71289553e-02
 -4.19766718e-03 -2.65555046e-01  1.61927306e-01  3.08521773e-01
  3.23514741e-01 -2.01919723e-01 -4.46504099e-01  2.70592535e-01
  2.58598075e-01  4.70664834e-01  5.36948900e-01  3.45271288e-01
 -9.59281355e-01 -8.70523190e-01  7.05942058e-01 -2.89096940e-01
  3.54557319e-01  8.99551468e-01  7.11170666e-01  1.85747074e-01
  9.84080321e-02 -3.56525876e-01  6.37228387e-01  4.45336874e-01
 -2.22335133e-01  8.02690436e-01  7.66760344e-01  2.42324886e-01
  2.48406431e-02  4.57824119e-01  2.82186947e-01  1.70712693e-01
 -1.31695239e-01 -7.84051467e-01 -6.75612019e-01 -2.87146747e-01
  3.89493794e-01 -7.09714109e-01  9.23094982e-01  3.69380056e-01
 -4.94706482e-01 -5.59389586e-01 -8.83824471e-01  6.11752478e-01
 -3.96310128e-01  6.81199803e-01  5.80958584e-01  4.15457880e-01
 -1.95074589e-02  3.17028645e-01  7.37428414e-01 -7.82678249e-02
  8.04452474e-01 -7.73774580e-01 -9.17520738e-01 -9.88369818e-01
 -6.25956990e-01 -3.47252310e-01 -5.23835336e-01 -9.75871573e-01
  7.80800898e-01  1.24771817e-01  1.05241324e-01  8.60023868e-01
 -9.52178501e-01  6.87160185e-01 -1.88258142e-01 -9.72853204e-01
 -2.05959298e-01  1.70304512e-02  5.21105392e-01  9.50184332e-01
  2.34626639e-01 -4.78935341e-01  1.63238505e-01  9.92692665e-01
  7.14984426e-01  6.62524736e-01 -3.06236930e-03  1.29267312e-02
 -8.38491198e-01 -6.07738830e-01  7.04810386e-01 -4.14984737e-02
  4.97306487e-01 -7.45150751e-01 -3.71943277e-01  2.35619394e-01
 -7.66358679e-01 -9.86718163e-01  7.50220404e-01  8.43469986e-01
 -7.65644771e-01  3.08965368e-01  5.77415457e-01 -7.86669230e-01
  8.22687005e-01 -4.43686693e-01 -6.62618540e-01  5.02566558e-01
 -9.95300124e-02  3.55563430e-01  2.36869719e-01 -6.24188198e-01
 -3.59942658e-01  7.26192176e-01  8.31038689e-01  5.46941445e-01
  6.81197807e-01  2.39266561e-01  5.92137191e-01  3.38387343e-01
 -1.52219957e-01 -7.03501331e-01 -7.49435929e-01  3.53787100e-01
  7.54645609e-01  4.44608966e-01  2.44471396e-01  4.18960367e-01
 -1.97287505e-01  5.51356483e-01  7.32656535e-01 -7.63484051e-01
 -9.12052353e-01 -8.13303722e-01  2.71797093e-01  3.52293736e-01
  4.08090038e-01 -4.09034848e-01  2.75681575e-02 -3.50537115e-01
 -1.78987518e-01 -7.77747987e-02 -5.83451423e-01  1.78748025e-01
 -8.46119665e-01  6.16826808e-01  5.01545057e-01  9.20167705e-01
 -9.57023858e-01  3.52902383e-01 -5.59208550e-02  9.75185740e-01
  9.63696897e-01 -8.85423253e-02  8.41089968e-01  6.75970796e-01
 -2.11574536e-01  3.99913808e-01  5.23963374e-01  4.05506065e-01
  4.28526320e-01  7.04458002e-01 -1.56926035e-01  6.00227140e-01
 -8.67294683e-01  4.82280043e-01  8.86480482e-01  2.44250315e-01
 -1.83364493e-01  2.63337408e-01  1.39570778e-01  6.92722332e-01
 -1.11411975e-01  4.31982759e-01  5.86738054e-01  8.41443099e-01
 -5.87907133e-02 -6.32286462e-01 -2.48392499e-01  5.93333226e-01
  2.67598838e-01 -5.78915324e-01  6.64418713e-01  6.18809701e-01
  4.33550301e-01 -4.71496020e-01 -6.03513686e-01 -5.59799686e-01
  2.24167909e-01 -4.09273489e-01  3.60041577e-01  2.23988162e-01
 -1.86839548e-01 -4.00091436e-01 -3.66931414e-01 -9.90195096e-01
 -5.19769152e-01 -7.29913403e-01 -2.41720492e-01 -2.51696903e-01
  3.79002299e-01 -1.38808491e-01 -2.94036856e-01 -2.84156133e-01
  2.95467101e-02 -8.17864158e-01 -3.32311367e-02 -4.36569723e-01
  6.57184844e-01 -6.03537874e-01  2.24570495e-01  5.41005148e-01
  7.48725713e-01  1.90667591e-01  9.75867936e-01  8.91996159e-01
  7.75056288e-01 -9.52541341e-01 -6.57729854e-01  1.31792311e-01
 -4.95989098e-01 -2.73893534e-01 -8.72732671e-01  8.11581994e-01
 -8.40369971e-01 -9.06437418e-02 -3.98931693e-01 -6.10605963e-02
 -8.40074533e-03  6.22716343e-01  3.68950742e-01 -1.04464746e-01
  2.03591574e-01  5.94996627e-01  9.18724238e-01  1.48831692e-02
  3.33943374e-01 -8.86918371e-01  6.84378334e-01 -2.63561034e-01
  2.35468827e-01 -9.72711599e-02  8.75906846e-01  4.36093073e-02
  7.84307655e-01 -3.19054680e-01  4.79749349e-01 -2.79280736e-01
  1.01199513e-01 -1.51648011e-01  5.57434236e-02  7.50789103e-01
  2.33545340e-01 -8.65986593e-02  3.30918320e-01  9.83182736e-01
 -6.14403529e-01 -1.07401709e-01 -2.82538896e-01  2.35783243e-01
 -4.70802180e-01  2.95780585e-01  2.38294826e-01  5.85453790e-01
  2.41748800e-01  7.99280435e-01  3.60505669e-01  4.22949198e-01
 -6.02891883e-01 -6.47864735e-01  6.68987991e-01 -6.12105509e-01
 -4.58610885e-01  3.24422498e-01 -5.15608912e-01  7.66514222e-02
  2.09769212e-01 -2.10568132e-01  4.66506271e-01 -5.38465360e-02
 -3.85394126e-01 -6.54678006e-01 -5.14378528e-01  7.67112222e-01
 -5.27660567e-01 -1.90366345e-01 -1.68651316e-01 -1.05450357e-03
 -3.97632900e-01  6.88708289e-01 -9.83835145e-01 -3.29597233e-01
 -2.83243352e-01 -4.39896045e-01 -1.29285314e-01  9.71814053e-01
 -7.80317974e-01 -6.99464583e-01  4.13065118e-01 -2.46231968e-01
  2.20856201e-01 -6.25189899e-01 -8.05761248e-01  5.34964998e-01
  2.66230766e-02  6.68944395e-01 -3.81974209e-03  5.49806738e-01
  3.36444639e-01  7.20181848e-01  4.44766326e-01 -9.43217785e-01
  8.32410799e-01 -7.16216459e-02  6.01496007e-01  4.36617771e-01
 -8.08526880e-01 -6.04031720e-01 -9.77140843e-02 -7.12103079e-03
 -8.88323158e-01 -6.40998285e-01  5.07907818e-01  8.16129092e-01
  2.78235385e-01 -3.97766482e-01 -8.54448022e-02  8.82679915e-01
 -1.26391346e-01 -9.45199081e-01 -1.91802490e-01  3.68004241e-01
 -1.54906313e-01  1.13090375e-01  7.93951764e-01 -2.72855249e-01
 -6.36968984e-01 -4.68017904e-01  4.57846530e-01  4.82683970e-01
  5.53423930e-01 -2.53156103e-01  4.86692555e-02  6.76115695e-01
 -6.09811341e-01 -8.47212929e-01  7.44503260e-01  3.17128311e-01
  8.68305948e-01  8.85379859e-01  9.99398059e-01  9.77626899e-02
  7.05274086e-01 -8.96653925e-01  4.33465110e-01 -3.31876747e-01
 -4.90832316e-01  9.50107328e-01 -1.71244710e-01 -3.68335361e-01
 -8.85905367e-01  9.80401004e-01  9.21787315e-01 -3.99644470e-01
  6.58709727e-01 -3.63598103e-01 -5.13629866e-01 -4.33259448e-01
  7.35719534e-01 -4.75738101e-01 -2.38907235e-01 -6.15756753e-02
 -3.48518935e-01  8.05746154e-02 -8.72386447e-01  3.21752171e-01
  8.99596974e-01 -3.39128349e-01 -2.75537915e-01 -8.96399269e-01
  5.28140253e-01  3.51708114e-01  3.67844126e-01 -4.83731432e-01
  4.03914996e-01  3.50727710e-02 -1.40764424e-01 -5.21776364e-01
  9.68036490e-01  5.31397311e-02 -6.73026650e-01  8.44587488e-01
  3.24854082e-01 -8.16240443e-01 -1.86934368e-01  1.24464564e-01
 -2.77297646e-01 -8.79780582e-01  1.20829650e-01 -3.08885501e-01
  6.42116862e-01 -7.10751395e-01 -7.91199739e-01 -5.47732674e-01
 -6.00780458e-01  1.52892025e-01  7.61497355e-01  8.68349506e-01
 -4.88142409e-01 -3.39651951e-01 -8.95139179e-01  3.63078230e-01
  8.38906007e-01 -6.58653075e-01 -6.70077917e-01 -1.10708418e-01
 -6.49790600e-01]
stepsize_vec:,[0.15 0.15 0.15 0.15 0.   0.   0.   0.   0.   0.   0.   0.   0.   0.
 0.   0.04 0.04 0.06 0.06 0.08 0.08 0.09 0.09 0.1  0.1  0.2  0.2  0.2
 0.2  0.2  0.2  0.2  0.2  0.2  0.2  0.2  0.2  0.2  0.2  0.2  0.2  0.2
 0.2  0.2  0.2  0.2  0.2  0.2  0.2  0.2  0.2  0.2  0.2  0.2  0.2  0.2
 0.2  0.2  0.2  0.2  0.2  0.2  0.2  0.2  0.2  0.2  0.2  0.2  0.2  0.2
 0.2  0.2  0.2  0.2  0.2  0.2  0.2  0.2  0.2  0.2  0.2  0.2  0.2  0.2
 0.2  0.2  0.2  0.2  0.2  0.2  0.2  0.2  0.2  0.2  0.2  0.2  0.2  0.2
 0.2  0.2  0.2  0.2  0.2  0.2  0.2  0.2  0.2  0.2  0.2  0.2  0.2  0.2
 0.2  0.2  0.2  0.2  0.2  0.2  0.2  0.2  0.2  0.2  0.2  0.2  0.2  0.2
 0.2  0.2  0.2  0.2  0.2  0.2  0.2  0.2  0.2  0.2  0.2  0.2  0.2  0.2
 0.2  0.2  0.2  0.2  0.2  0.2  0.2  0.2  0.2  0.2  0.2  0.2  0.2  0.2
 0.2  0.2  0.2  0.2  0.2  0.2  0.2  0.2  0.2  0.2  0.2  0.2  0.2  0.2
 0.2  0.2  0.2  0.2  0.2  0.2  0.2  0.2  0.2  0.2  0.2  0.2  0.2  0.2
 0.2  0.2  0.2  0.2  0.2  0.2  0.2  0.2  0.2  0.2  0.2  0.2  0.2  0.2
 0.2  0.2  0.2  0.2  0.2  0.2  0.2  0.2  0.2  0.2  0.2  0.2  0.2  0.2
 0.2  0.2  0.2  0.2  0.2  0.2  0.2  0.2  0.2  0.2  0.2  0.2  0.2  0.2
 0.2  0.2  0.2  0.2  0.2  0.2  0.2  0.2  0.2  0.2  0.2  0.2  0.2  0.2
 0.2  0.2  0.2  0.2  0.2  0.2  0.2  0.2  0.2  0.2  0.2  0.2  0.2  0.2
 0.2  0.2  0.2  0.2  0.2  0.2  0.2  0.2  0.2  0.2  0.2  0.2  0.2  0.2
 0.2  0.2  0.2  0.2  0.2  0.2  0.2  0.2  0.2  0.2  0.2  0.2  0.2  0.2
 0.2  0.2  0.2  0.2  0.2  0.2  0.2  0.2  0.2  0.2  0.2  0.2  0.2  0.2
 0.2  0.2  0.2  0.2  0.2  0.2  0.2  0.2  0.2  0.2  0.2  0.2  0.2  0.2
 0.2  0.2  0.2  0.2  0.2  0.2  0.2  0.2  0.2  0.2  0.2  0.2  0.2  0.2
 0.2  0.2  0.2  0.2  0.2  0.2  0.2  0.2  0.2  0.2  0.2  0.2  0.2  0.2
 0.2  0.2  0.2  0.2  0.2  0.2  0.2  0.2  0.2  0.2  0.2  0.2  0.2  0.2
 0.2  0.2  0.2  0.2  0.2  0.2  0.2  0.2  0.2  0.2  0.2  0.2  0.2  0.2
 0.2  0.2  0.2  0.2  0.2  0.2  0.2  0.2  0.2  0.2  0.2  0.2  0.2  0.2
 0.2  0.2  0.2  0.2  0.2  0.2  0.2  0.2  0.2  0.2  0.2  0.2  0.2  0.2
 0.2  0.2  0.2  0.2  0.2  0.2  0.2  0.2  0.2  0.2  0.2  0.2  0.2  0.2
 0.2  0.2  0.2  0.2  0.2  0.2  0.2  0.2  0.2  0.2  0.2  0.2  0.2  0.2
 0.2  0.2  0.2  0.2  0.2 ]
step_ratio_vec:,[0.1 0.1 0.1 0.1 0.1 0.1 0.1 0.1 0.1 0.1 0.1 0.1 0.1 0.1 0.1 0.1 0.1 0.1
 0.1 0.1 0.1 0.1 0.1 0.1 0.1 0.1 0.1 0.1 0.1 0.1 0.1 0.1 0.1 0.1 0.1 0.1
 0.1 0.1 0.1 0.1 0.1 0.1 0.1 0.1 0.1 0.1 0.1 0.1 0.1 0.1 0.1 0.1 0.1 0.1
 0.1 0.1 0.1 0.1 0.1 0.1 0.1 0.1 0.1 0.1 0.1 0.1 0.1 0.1 0.1 0.1 0.1 0.1
 0.1 0.1 0.1 0.1 0.1 0.1 0.1 0.1 0.1 0.1 0.1 0.1 0.1 0.1 0.1 0.1 0.1 0.1
 0.1 0.1 0.1 0.1 0.1 0.1 0.1 0.1 0.1 0.1 0.1 0.1 0.1 0.1 0.1 0.1 0.1 0.1
 0.1 0.1 0.1 0.1 0.1 0.1 0.1 0.1 0.1 0.1 0.1 0.1 0.1 0.1 0.1 0.1 0.1 0.1
 0.1 0.1 0.1 0.1 0.1 0.1 0.1 0.1 0.1 0.1 0.1 0.1 0.1 0.1 0.1 0.1 0.1 0.1
 0.1 0.1 0.1 0.1 0.1 0.1 0.1 0.1 0.1 0.1 0.1 0.1 0.1 0.1 0.1 0.1 0.1 0.1
 0.1 0.1 0.1 0.1 0.1 0.1 0.1 0.1 0.1 0.1 0.1 0.1 0.1 0.1 0.1 0.1 0.1 0.1
 0.1 0.1 0.1 0.1 0.1 0.1 0.1 0.1 0.1 0.1 0.1 0.1 0.1 0.1 0.1 0.1 0.1 0.1
 0.1 0.1 0.1 0.1 0.1 0.1 0.1 0.1 0.1 0.1 0.1 0.1 0.1 0.1 0.1 0.1 0.1 0.1
 0.1 0.1 0.1 0.1 0.1 0.1 0.1 0.1 0.1 0.1 0.1 0.1 0.1 0.1 0.1 0.1 0.1 0.1
 0.1 0.1 0.1 0.1 0.1 0.1 0.1 0.1 0.1 0.1 0.1 0.1 0.1 0.1 0.1 0.1 0.1 0.1
 0.1 0.1 0.1 0.1 0.1 0.1 0.1 0.1 0.1 0.1 0.1 0.1 0.1 0.1 0.1 0.1 0.1 0.1
 0.1 0.1 0.1 0.1 0.1 0.1 0.1 0.1 0.1 0.1 0.1 0.1 0.1 0.1 0.1 0.1 0.1 0.1
 0.1 0.1 0.1 0.1 0.1 0.1 0.1 0.1 0.1 0.1 0.1 0.1 0.1 0.1 0.1 0.1 0.1 0.1
 0.1 0.1 0.1 0.1 0.1 0.1 0.1 0.1 0.1 0.1 0.1 0.1 0.1 0.1 0.1 0.1 0.1 0.1
 0.1 0.1 0.1 0.1 0.1 0.1 0.1 0.1 0.1 0.1 0.1 0.1 0.1 0.1 0.1 0.1 0.1 0.1
 0.1 0.1 0.1 0.1 0.1 0.1 0.1 0.1 0.1 0.1 0.1 0.1 0.1 0.1 0.1 0.1 0.1 0.1
 0.1 0.1 0.1 0.1 0.1 0.1 0.1 0.1 0.1 0.1 0.1 0.1 0.1 0.1 0.1 0.1 0.1 0.1
 0.1 0.1 0.1 0.1 0.1 0.1 0.1 0.1 0.1 0.1 0.1 0.1 0.1 0.1 0.1 0.1 0.1 0.1
 0.1 0.1 0.1 0.1 0.1 0.1 0.1 0.1 0.1 0.1 0.1 0.1 0.1 0.1 0.1 0.1 0.1 0.1
 0.1 0.1 0.1 0.1 0.1 0.1 0.1 0.1 0.1 0.1 0.1]
swap interval:,2
sim interval:,[-1.49e+08 -1.40e+08 -1.25e+08 -1.15e+08 -1.00e+08 -7.50e+07 -5.00e+07
 -4.00e+07 -3.00e+07 -2.50e+07 -5.00e+06  0.00e+00]
likelihood_sed (T/F):,True
erodep_coords,elev_coords:,[[42 94]
 [42 95]
 [42 96]
 ...
 [96 78]
 [96 79]
 [96 80]]
sed scaling factor:,1
samples_per_chain:,100
burnin:,0.1
num params:,425
initial_proposed_vec:,[ 1.49373990e+00  1.05904606e+00  7.93054177e-01  1.36454535e+00
  1.00000000e-06  5.00000000e-01  1.00000000e+00  5.00000000e-03
  1.00000000e-03  1.00000000e-03  5.00000000e-01  5.00000000e+00
  2.40000000e+04  5.00000000e+00  1.00000000e-02 -1.04956147e-03
  6.13226878e-03  2.24566113e-01 -2.28768459e-02  2.03039020e-02
 -3.87595285e-01 -3.28410651e-01 -2.07024301e-01  9.71760900e-02
 -2.52632276e-01 -8.24352082e-01 -1.62907210e-01  8.29488321e-01
  5.10768230e-01  9.23855137e-01  2.34679774e-01  7.80005455e-01
  7.67228801e-01  4.34001630e-01  2.37855616e-01 -8.64988663e-01
  5.06891028e-01 -7.18920981e-01  5.91883814e-02  5.38956293e-01
 -1.04224367e-01  3.66936005e-02  8.26914861e-01 -1.86125858e-01
  7.69368993e-01 -4.13477140e-01  4.97210879e-02  2.98375801e-01
 -3.29041023e-01  9.83737375e-01 -3.56413273e-01 -1.95983034e-01
  4.17143041e-01  1.70577611e-01  7.18151387e-01 -7.34535554e-01
 -5.77795834e-01 -4.14016726e-01  9.09211862e-01  3.22248153e-02
  5.68719850e-01 -9.69220706e-01  8.16231065e-01  9.18044187e-01
 -9.63771107e-01 -3.20422432e-01  1.10529278e-01 -6.99036960e-01
 -5.62504582e-01 -3.66194118e-02  2.39067051e-01  8.53522546e-01
  7.16521480e-01  6.23561701e-02  5.93734881e-01 -2.38472681e-01
  2.11511816e-01  9.43676480e-01 -4.48505082e-01  9.67112432e-01
 -7.76509610e-01 -1.23228733e-01 -8.55622175e-01  8.72589280e-01
 -4.04032576e-01  2.52163837e-01  3.19423934e-01  6.87397869e-02
 -2.33384565e-01  7.59171453e-01  5.68793137e-01  9.46225777e-02
 -5.36274240e-01 -4.17619060e-01  6.50252701e-01  7.59825648e-01
  2.04824416e-01 -6.90575120e-01 -2.79574626e-01 -8.08492617e-01
 -8.08416837e-01  3.71824668e-01 -9.88887302e-01 -2.29605716e-01
  8.70815641e-01 -8.47290438e-01 -3.55208509e-01 -1.77590143e-02
  8.34517586e-01  1.02802310e-01 -4.62481161e-01 -8.09455300e-01
  4.47887704e-01 -6.51835490e-01  5.96126376e-01 -3.51750109e-01
  8.02247700e-01 -5.53877087e-01 -5.60139485e-01 -7.40190413e-01
 -1.40828268e-01  7.96186563e-01  8.60492807e-01  7.67724797e-01
 -9.95409216e-01  6.95091062e-01  7.33692913e-01 -4.82233329e-01
 -1.82343879e-01  3.53023942e-01  7.37559630e-01  6.70489935e-03
 -6.31402380e-01  4.13322712e-01 -3.87466053e-01 -4.16749644e-01
  3.68845377e-01 -5.99423137e-01 -4.31408295e-01 -5.28538533e-01
 -9.54165962e-01 -3.40754785e-02 -8.09383135e-01 -7.24969873e-01
  4.39897413e-01 -8.79085492e-01  4.59991326e-01 -6.60896981e-01
 -5.00757925e-02  4.83350593e-01  4.81185060e-01 -4.51780107e-01
  7.71356931e-01 -2.22650267e-01 -8.51587777e-01 -6.10534046e-01
  3.25830203e-01 -5.28857140e-01 -4.47789946e-01  1.86827942e-01
  1.23350902e-01  2.28528818e-01 -3.77742777e-01  7.73203553e-01
 -7.71850017e-02  3.88157754e-01 -5.32832647e-01  4.87086159e-01
  9.23923697e-01  5.85838918e-01 -8.26596543e-01  5.78756416e-01
  7.59492366e-01 -6.72014126e-01  6.52917363e-02 -7.29925748e-01
 -3.30297303e-02  9.00212594e-01  8.22665986e-01 -8.69123448e-01
  6.72807056e-01  4.07055519e-01 -9.51324630e-01 -5.64283996e-01
  7.96084308e-01 -1.40810195e-02  3.97310292e-01 -6.11647873e-01
 -4.01644930e-01  8.23433655e-01 -7.29416872e-01  1.38747470e-01
 -7.98134442e-01  8.88447263e-01  4.19023098e-02  7.25391994e-01
 -8.26991369e-01  3.77494323e-01  1.09819566e-01 -9.08541141e-02
 -9.84310542e-01  7.64860934e-01  5.45055932e-01  8.51613944e-01
  3.62908619e-01  6.53360749e-01  6.38698873e-01  3.90023050e-02
  9.45359206e-01 -2.42563698e-01 -1.69978973e-01 -8.45327138e-01
 -7.50246745e-01 -5.40508924e-01  8.56299685e-01 -9.27894130e-01
  8.46615811e-01  3.38215443e-01 -8.92575927e-01  1.62659319e-01
  3.98971106e-01 -7.14872938e-01 -2.38103026e-01 -4.76463079e-01
  5.38735481e-01  8.55895513e-01  1.25495735e-02 -4.09818799e-01
  3.97689731e-01  5.51002763e-01 -9.45936056e-01 -8.70323806e-01
 -5.10455056e-01 -6.47630620e-01  2.47222457e-01 -3.73270821e-01
 -3.57073293e-01 -5.13859384e-01 -3.92484327e-02  2.29913970e-01
  6.99714984e-02 -9.75276214e-01  2.27977214e-01 -9.74100707e-01
  6.69359860e-01 -5.86155719e-02  7.50405072e-01 -2.83247045e-01
  6.98954527e-01  2.06056267e-01 -2.99640087e-01 -3.94767091e-01
 -1.12877160e-01  2.93903467e-01 -3.07305497e-01  9.21594094e-01
  7.79937420e-01 -1.03489813e-01 -8.80647698e-01 -6.88045835e-01
  1.01830711e-01  4.76564231e-01 -2.57739177e-01 -3.65146611e-01
 -6.09108896e-01 -9.96532563e-01 -1.32448771e-01 -5.39183022e-01
  8.54786007e-01 -3.66898522e-01  4.86954388e-02  9.17233768e-01
 -4.34327980e-01 -6.41903820e-01  5.72194343e-01  6.53359585e-02
 -8.59348859e-01 -9.72392901e-02  3.19101828e-01  4.80286593e-01
  8.32897544e-01 -3.39453266e-01  2.62119777e-02  8.24394328e-01
  4.07264391e-01 -2.34348041e-01 -7.64213708e-01  9.72186927e-01
 -6.49170451e-01 -1.49455375e-02  9.88354690e-01  1.58138831e-01
  7.02552786e-01 -6.85212130e-01 -4.31934145e-01  4.97981889e-01
  6.66366476e-01  3.15417509e-01  7.50171592e-02  4.57832045e-01
 -3.68949025e-01 -4.26589110e-02 -1.51777859e-01  6.30541517e-01
 -4.51130312e-01 -3.71249293e-01 -5.96444656e-01  3.39945714e-01
 -2.49587801e-01 -1.88723912e-01 -4.39080518e-01 -7.21434827e-01
  1.00761590e-01  7.25023242e-01  5.45403543e-01  5.43309327e-01
  5.82788149e-02 -6.07756276e-01 -9.24264748e-01  4.20419862e-01
 -7.99622839e-01 -5.24556687e-01  2.87939456e-01 -5.46768556e-01
  4.51903107e-01 -6.45934595e-01  3.65518999e-01  6.48174981e-01
 -7.04348545e-01 -6.38971001e-01  5.79799721e-01  1.05198506e-03
 -3.67664452e-01  1.38477377e-01 -5.13843209e-01  6.31745074e-01
 -8.96229665e-01 -7.14998743e-01 -8.02434351e-01  1.14046683e-01
  1.42801774e-01  7.01984066e-01 -6.63024794e-01 -3.21344501e-01
  3.77111891e-01  9.61205787e-01 -5.78644632e-01  5.39041593e-01
 -9.45676120e-01  3.55184336e-01  9.08772186e-01  7.44981603e-02
 -3.79297270e-01 -8.29406095e-02  6.96991914e-01 -7.56162726e-01
 -8.05897475e-01  6.27731774e-01  6.15496286e-02 -6.84033369e-01
  5.02334039e-01 -3.16341513e-01  6.35964027e-01 -9.18516554e-01
  5.88880937e-01 -2.11813790e-01 -4.68846924e-01  8.31730228e-01
  1.05358447e-02  5.21737056e-01  4.72007134e-01  3.08089322e-01
 -3.19563676e-01  5.33990625e-01 -6.02821285e-01  1.82619449e-01
  8.79608080e-01 -3.41587562e-01 -3.61728238e-01 -7.99105503e-01
  8.55963740e-01  5.06754610e-01  9.95003338e-02  7.28761052e-01
 -7.19530710e-01  9.65131246e-01  6.74931145e-01 -6.72386081e-01
 -7.41673100e-01  7.95999964e-01  5.64391870e-01 -8.83968327e-02
 -8.76910050e-01  3.30572551e-01 -9.30779070e-01  2.66851417e-01
 -6.56350709e-01 -2.06107160e-01  7.86589418e-01  5.87838092e-01
 -2.75244575e-01  3.86164482e-01  9.28085613e-02 -4.68701515e-01
  9.95563218e-01  8.76117299e-01  7.86110307e-01 -8.50804211e-01
 -5.22180030e-01 -6.80242937e-01  2.10527524e-01  2.83275488e-01
  5.25460192e-01 -5.91794323e-01 -2.28168909e-01  2.01628223e-01
  1.42667749e-01 -7.04081429e-01  4.41063781e-01  8.50079571e-01
  6.06206288e-02 -1.01281860e-01  3.76332865e-01  2.64677962e-01
 -4.41849305e-01]
stepsize_vec:,[0.15 0.15 0.15 0.15 0.   0.   0.   0.   0.   0.   0.   0.   0.   0.
 0.   0.04 0.04 0.06 0.06 0.08 0.08 0.09 0.09 0.1  0.1  0.2  0.2  0.2
 0.2  0.2  0.2  0.2  0.2  0.2  0.2  0.2  0.2  0.2  0.2  0.2  0.2  0.2
 0.2  0.2  0.2  0.2  0.2  0.2  0.2  0.2  0.2  0.2  0.2  0.2  0.2  0.2
 0.2  0.2  0.2  0.2  0.2  0.2  0.2  0.2  0.2  0.2  0.2  0.2  0.2  0.2
 0.2  0.2  0.2  0.2  0.2  0.2  0.2  0.2  0.2  0.2  0.2  0.2  0.2  0.2
 0.2  0.2  0.2  0.2  0.2  0.2  0.2  0.2  0.2  0.2  0.2  0.2  0.2  0.2
 0.2  0.2  0.2  0.2  0.2  0.2  0.2  0.2  0.2  0.2  0.2  0.2  0.2  0.2
 0.2  0.2  0.2  0.2  0.2  0.2  0.2  0.2  0.2  0.2  0.2  0.2  0.2  0.2
 0.2  0.2  0.2  0.2  0.2  0.2  0.2  0.2  0.2  0.2  0.2  0.2  0.2  0.2
 0.2  0.2  0.2  0.2  0.2  0.2  0.2  0.2  0.2  0.2  0.2  0.2  0.2  0.2
 0.2  0.2  0.2  0.2  0.2  0.2  0.2  0.2  0.2  0.2  0.2  0.2  0.2  0.2
 0.2  0.2  0.2  0.2  0.2  0.2  0.2  0.2  0.2  0.2  0.2  0.2  0.2  0.2
 0.2  0.2  0.2  0.2  0.2  0.2  0.2  0.2  0.2  0.2  0.2  0.2  0.2  0.2
 0.2  0.2  0.2  0.2  0.2  0.2  0.2  0.2  0.2  0.2  0.2  0.2  0.2  0.2
 0.2  0.2  0.2  0.2  0.2  0.2  0.2  0.2  0.2  0.2  0.2  0.2  0.2  0.2
 0.2  0.2  0.2  0.2  0.2  0.2  0.2  0.2  0.2  0.2  0.2  0.2  0.2  0.2
 0.2  0.2  0.2  0.2  0.2  0.2  0.2  0.2  0.2  0.2  0.2  0.2  0.2  0.2
 0.2  0.2  0.2  0.2  0.2  0.2  0.2  0.2  0.2  0.2  0.2  0.2  0.2  0.2
 0.2  0.2  0.2  0.2  0.2  0.2  0.2  0.2  0.2  0.2  0.2  0.2  0.2  0.2
 0.2  0.2  0.2  0.2  0.2  0.2  0.2  0.2  0.2  0.2  0.2  0.2  0.2  0.2
 0.2  0.2  0.2  0.2  0.2  0.2  0.2  0.2  0.2  0.2  0.2  0.2  0.2  0.2
 0.2  0.2  0.2  0.2  0.2  0.2  0.2  0.2  0.2  0.2  0.2  0.2  0.2  0.2
 0.2  0.2  0.2  0.2  0.2  0.2  0.2  0.2  0.2  0.2  0.2  0.2  0.2  0.2
 0.2  0.2  0.2  0.2  0.2  0.2  0.2  0.2  0.2  0.2  0.2  0.2  0.2  0.2
 0.2  0.2  0.2  0.2  0.2  0.2  0.2  0.2  0.2  0.2  0.2  0.2  0.2  0.2
 0.2  0.2  0.2  0.2  0.2  0.2  0.2  0.2  0.2  0.2  0.2  0.2  0.2  0.2
 0.2  0.2  0.2  0.2  0.2  0.2  0.2  0.2  0.2  0.2  0.2  0.2  0.2  0.2
 0.2  0.2  0.2  0.2  0.2  0.2  0.2  0.2  0.2  0.2  0.2  0.2  0.2  0.2
 0.2  0.2  0.2  0.2  0.2  0.2  0.2  0.2  0.2  0.2  0.2  0.2  0.2  0.2
 0.2  0.2  0.2  0.2  0.2 ]
step_ratio_vec:,[0.1 0.1 0.1 0.1 0.1 0.1 0.1 0.1 0.1 0.1 0.1 0.1 0.1 0.1 0.1 0.1 0.1 0.1
 0.1 0.1 0.1 0.1 0.1 0.1 0.1 0.1 0.1 0.1 0.1 0.1 0.1 0.1 0.1 0.1 0.1 0.1
 0.1 0.1 0.1 0.1 0.1 0.1 0.1 0.1 0.1 0.1 0.1 0.1 0.1 0.1 0.1 0.1 0.1 0.1
 0.1 0.1 0.1 0.1 0.1 0.1 0.1 0.1 0.1 0.1 0.1 0.1 0.1 0.1 0.1 0.1 0.1 0.1
 0.1 0.1 0.1 0.1 0.1 0.1 0.1 0.1 0.1 0.1 0.1 0.1 0.1 0.1 0.1 0.1 0.1 0.1
 0.1 0.1 0.1 0.1 0.1 0.1 0.1 0.1 0.1 0.1 0.1 0.1 0.1 0.1 0.1 0.1 0.1 0.1
 0.1 0.1 0.1 0.1 0.1 0.1 0.1 0.1 0.1 0.1 0.1 0.1 0.1 0.1 0.1 0.1 0.1 0.1
 0.1 0.1 0.1 0.1 0.1 0.1 0.1 0.1 0.1 0.1 0.1 0.1 0.1 0.1 0.1 0.1 0.1 0.1
 0.1 0.1 0.1 0.1 0.1 0.1 0.1 0.1 0.1 0.1 0.1 0.1 0.1 0.1 0.1 0.1 0.1 0.1
 0.1 0.1 0.1 0.1 0.1 0.1 0.1 0.1 0.1 0.1 0.1 0.1 0.1 0.1 0.1 0.1 0.1 0.1
 0.1 0.1 0.1 0.1 0.1 0.1 0.1 0.1 0.1 0.1 0.1 0.1 0.1 0.1 0.1 0.1 0.1 0.1
 0.1 0.1 0.1 0.1 0.1 0.1 0.1 0.1 0.1 0.1 0.1 0.1 0.1 0.1 0.1 0.1 0.1 0.1
 0.1 0.1 0.1 0.1 0.1 0.1 0.1 0.1 0.1 0.1 0.1 0.1 0.1 0.1 0.1 0.1 0.1 0.1
 0.1 0.1 0.1 0.1 0.1 0.1 0.1 0.1 0.1 0.1 0.1 0.1 0.1 0.1 0.1 0.1 0.1 0.1
 0.1 0.1 0.1 0.1 0.1 0.1 0.1 0.1 0.1 0.1 0.1 0.1 0.1 0.1 0.1 0.1 0.1 0.1
 0.1 0.1 0.1 0.1 0.1 0.1 0.1 0.1 0.1 0.1 0.1 0.1 0.1 0.1 0.1 0.1 0.1 0.1
 0.1 0.1 0.1 0.1 0.1 0.1 0.1 0.1 0.1 0.1 0.1 0.1 0.1 0.1 0.1 0.1 0.1 0.1
 0.1 0.1 0.1 0.1 0.1 0.1 0.1 0.1 0.1 0.1 0.1 0.1 0.1 0.1 0.1 0.1 0.1 0.1
 0.1 0.1 0.1 0.1 0.1 0.1 0.1 0.1 0.1 0.1 0.1 0.1 0.1 0.1 0.1 0.1 0.1 0.1
 0.1 0.1 0.1 0.1 0.1 0.1 0.1 0.1 0.1 0.1 0.1 0.1 0.1 0.1 0.1 0.1 0.1 0.1
 0.1 0.1 0.1 0.1 0.1 0.1 0.1 0.1 0.1 0.1 0.1 0.1 0.1 0.1 0.1 0.1 0.1 0.1
 0.1 0.1 0.1 0.1 0.1 0.1 0.1 0.1 0.1 0.1 0.1 0.1 0.1 0.1 0.1 0.1 0.1 0.1
 0.1 0.1 0.1 0.1 0.1 0.1 0.1 0.1 0.1 0.1 0.1 0.1 0.1 0.1 0.1 0.1 0.1 0.1
 0.1 0.1 0.1 0.1 0.1 0.1 0.1 0.1 0.1 0.1 0.1]
swap interval:,2
sim interval:,[-1.49e+08 -1.40e+08 -1.25e+08 -1.15e+08 -1.00e+08 -7.50e+07 -5.00e+07
 -4.00e+07 -3.00e+07 -2.50e+07 -5.00e+06  0.00e+00]
likelihood_sed (T/F):,True
erodep_coords,elev_coords:,[[42 94]
 [42 95]
 [42 96]
 ...
 [96 78]
 [96 79]
 [96 80]]
sed scaling factor:,1