0.00 0.00 -23473.06 -23762.89 1.00 1.00
1.00 0.00 -23473.06 -24870.12 1.00 1.00
2.00 0.00 -23473.06 -25311.51 1.00 1.00
3.00 0.00 -23473.06 -26369.01 1.00 1.00
4.00 0.00 -23473.06 -26337.99 1.00 1.00
5.00 0.00 -23473.06 -24803.79 1.00 1.00
6.00 0.00 -23473.06 -24908.00 1.00 1.00
7.00 0.00 -23473.06 -23755.37 1.00 1.00
8.00 0.00 -23473.06 -23571.95 1.00 1.00
9.00 0.00 -23473.06 -23869.43 1.00 1.00
10.00 1.00 -22048.92 -22048.92 486.55 2912.97
11.00 1.00 -22048.92 -22757.25 486.55 2912.97
12.00 1.00 -22048.92 -24024.30 486.55 2912.97
13.00 1.00 -22048.92 -23674.77 486.55 2912.97
14.00 1.00 -22048.92 -22829.57 486.55 2912.97
15.00 1.00 -22048.92 -22457.44 486.55 2912.97
16.00 1.00 -22048.92 -22923.69 486.55 2912.97
17.00 1.00 -22048.92 -23899.79 486.55 2912.97
18.00 1.00 -22048.92 -23687.23 486.55 2912.97
19.00 1.00 -22048.92 -24296.38 486.55 2912.97
20.00 1.00 -22048.92 -23595.88 486.55 2912.97
21.00 1.00 -47347.41 -48191.63 486.55 2912.97
22.00 1.00 -47347.41 -47464.15 486.55 2912.97
23.00 1.00 -47347.41 -47905.73 486.55 2912.97
24.00 1.00 -47347.41 -47514.66 486.55 2912.97
25.00 1.00 -47347.41 -48386.36 486.55 2912.97
26.00 2.00 -45599.46 -45599.46 478.07 2924.13
27.00 3.00 -45598.38 -45598.38 478.66 2910.73
28.00 3.00 -45598.38 -49523.53 478.66 2910.73
29.00 3.00 -45598.38 -45698.93 478.66 2910.73
30.00 3.00 -45598.38 -48099.40 478.66 2910.73
31.00 3.00 -45598.38 -47708.31 478.66 2910.73
32.00 3.00 -45598.38 -47951.66 478.66 2910.73
33.00 3.00 -45598.38 -48942.77 478.66 2910.73
34.00 3.00 -45598.38 -46508.01 478.66 2910.73
35.00 3.00 -45598.38 -48191.34 478.66 2910.73
36.00 3.00 -45598.38 -46911.03 478.66 2910.73
37.00 3.00 -45598.38 -47553.70 478.66 2910.73
38.00 3.00 -45598.38 -48041.52 478.66 2910.73
39.00 3.00 -45598.38 -48246.63 478.66 2910.73
40.00 4.00 -45340.43 -45340.43 465.20 2929.42
41.00 4.00 -45340.43 -45696.69 465.20 2929.42
42.00 4.00 -45340.43 -46572.67 465.20 2929.42
43.00 4.00 -45340.43 -45645.83 465.20 2929.42
44.00 4.00 -45340.43 -47953.11 465.20 2929.42
45.00 4.00 -45340.43 -47873.38 465.20 2929.42
46.00 4.00 -45340.43 -45676.87 465.20 2929.42
47.00 4.00 -45340.43 -45385.70 465.20 2929.42
48.00 4.00 -45340.43 -48293.28 465.20 2929.42
49.00 4.00 -45340.43 -47453.05 465.20 2929.42
50.00 4.00 -45340.43 -46138.25 465.20 2929.42
51.00 4.00 -45340.43 -46012.75 465.20 2929.42
52.00 4.00 -45340.43 -48091.61 465.20 2929.42
53.00 4.00 -45340.43 -47524.07 465.20 2929.42
54.00 4.00 -45340.43 -45436.15 465.20 2929.42
55.00 4.00 -45340.43 -48345.37 465.20 2929.42
56.00 4.00 -45340.43 -48448.14 465.20 2929.42
57.00 4.00 -45340.43 -47973.47 465.20 2929.42
58.00 4.00 -45340.43 -47792.23 465.20 2929.42
59.00 4.00 -45340.43 -47590.02 465.20 2929.42
60.00 5.00 -45119.04 -45119.04 471.55 2954.00
