0.00 1.00 -42753.83 -42753.83 446.88 2934.98
1.00 1.00 -42753.83 -45799.51 446.88 2934.98
2.00 1.00 -42753.83 -47670.96 446.88 2934.98
3.00 1.00 -42753.83 -48272.76 446.88 2934.98
4.00 1.00 -42753.83 -45082.25 446.88 2934.98
5.00 1.00 -42753.83 -44390.21 446.88 2934.98
6.00 1.00 -42753.83 -44033.86 446.88 2934.98
7.00 2.00 -40066.52 -40066.52 488.61 2916.86
8.00 2.00 -40066.52 -41742.28 488.61 2916.86
9.00 2.00 -40066.52 -41657.38 488.61 2916.86
10.00 2.00 -40066.52 -42859.27 488.61 2916.86
11.00 2.00 -40066.52 -44112.23 488.61 2916.86
12.00 2.00 -40066.52 -41617.35 488.61 2916.86
13.00 2.00 -40066.52 -42651.97 488.61 2916.86
14.00 2.00 -40066.52 -43352.11 488.61 2916.86
15.00 2.00 -40066.52 -43594.79 488.61 2916.86
16.00 2.00 -40066.52 -44403.17 488.61 2916.86
17.00 2.00 -40066.52 -42989.50 488.61 2916.86
18.00 2.00 -40066.52 -45891.09 488.61 2916.86
19.00 2.00 -40066.52 -45125.73 488.61 2916.86
20.00 2.00 -40066.52 -43919.77 488.61 2916.86
21.00 3.00 -46632.88 -46632.88 457.51 2961.77
22.00 3.00 -46632.88 -49164.35 457.51 2961.77
23.00 3.00 -46632.88 -47294.15 457.51 2961.77
24.00 4.00 -46610.47 -46610.47 454.57 2936.33
25.00 5.00 -44958.59 -44958.59 465.30 2928.45
26.00 5.00 -44958.59 -47726.33 465.30 2928.45
27.00 5.00 -44958.59 -48629.89 465.30 2928.45
28.00 6.00 -43466.01 -43466.01 473.80 2945.33
29.00 6.00 -43466.01 -43802.54 473.80 2945.33
30.00 6.00 -43466.01 -49055.96 473.80 2945.33
31.00 6.00 -43466.01 -45956.28 473.80 2945.33
32.00 6.00 -43466.01 -46423.64 473.80 2945.33
33.00 6.00 -43466.01 -46351.81 473.80 2945.33
34.00 6.00 -43466.01 -46406.76 473.80 2945.33
35.00 6.00 -43466.01 -46046.44 473.80 2945.33
36.00 6.00 -43466.01 -44570.10 473.80 2945.33
37.00 6.00 -43466.01 -44475.51 473.80 2945.33
38.00 6.00 -43466.01 -45867.56 473.80 2945.33
39.00 6.00 -43466.01 -45858.23 473.80 2945.33
40.00 6.00 -43466.01 -45753.14 473.80 2945.33
41.00 6.00 -43466.01 -48871.96 473.80 2945.33
42.00 6.00 -43466.01 -45413.64 473.80 2945.33
43.00 6.00 -43466.01 -45777.59 473.80 2945.33
44.00 6.00 -43466.01 -45997.10 473.80 2945.33
45.00 6.00 -43466.01 -46378.52 473.80 2945.33
46.00 6.00 -43466.01 -45513.55 473.80 2945.33
47.00 6.00 -43466.01 -43625.33 473.80 2945.33
48.00 6.00 -43466.01 -46879.27 473.80 2945.33
49.00 6.00 -43466.01 -45507.45 473.80 2945.33
50.00 6.00 -43466.01 -44573.82 473.80 2945.33
51.00 6.00 -43466.01 -45810.60 473.80 2945.33
52.00 6.00 -43466.01 -47379.01 473.80 2945.33
53.00 6.00 -43466.01 -47413.16 473.80 2945.33
54.00 6.00 -43466.01 -45864.43 473.80 2945.33
55.00 6.00 -43466.01 -45310.57 473.80 2945.33
56.00 6.00 -43466.01 -44930.02 473.80 2945.33
57.00 6.00 -43466.01 -43494.78 473.80 2945.33
58.00 6.00 -43466.01 -47338.33 473.80 2945.33
59.00 6.00 -43466.01 -46652.75 473.80 2945.33
60.00 6.00 -43466.01 -48280.41 473.80 2945.33
