0.00 0.00 -46943.94 -47901.71 1.00 1.00
1.00 0.00 -46943.94 -51741.63 1.00 1.00
2.00 1.00 -46880.17 -46880.17 458.75 2917.69
3.00 1.00 -46880.17 -48715.91 458.75 2917.69
4.00 1.00 -46880.17 -51838.41 458.75 2917.69
5.00 2.00 -46418.74 -46418.74 460.95 2915.61
6.00 2.00 -46418.74 -47707.76 460.95 2915.61
7.00 2.00 -46418.74 -47880.78 460.95 2915.61
8.00 3.00 -45394.61 -45394.61 470.24 2919.85
9.00 3.00 -45394.61 -48258.23 470.24 2919.85
10.00 3.00 -45394.61 -46284.20 470.24 2919.85
11.00 3.00 -45394.61 -45780.58 470.24 2919.85
12.00 3.00 -45394.61 -45732.34 470.24 2919.85
13.00 4.00 -45351.52 -45351.52 461.70 2927.45
14.00 4.00 -45351.52 -47182.10 461.70 2927.45
15.00 4.00 -45351.52 -49522.62 461.70 2927.45
16.00 4.00 -45351.52 -46938.55 461.70 2927.45
17.00 4.00 -45351.52 -48155.63 461.70 2927.45
18.00 4.00 -45351.52 -49371.20 461.70 2927.45
19.00 4.00 -45351.52 -47808.24 461.70 2927.45
20.00 4.00 -45351.52 -48382.25 461.70 2927.45
21.00 5.00 -48218.89 -48218.89 488.14 2946.40
22.00 6.00 -47969.96 -47969.96 471.03 2957.39
23.00 7.00 -47698.15 -47698.15 463.56 2933.92
24.00 7.00 -47698.15 -49251.07 463.56 2933.92
25.00 7.00 -47698.15 -47795.42 463.56 2933.92
26.00 8.00 -46145.72 -46145.72 461.48 2960.42
27.00 8.00 -46145.72 -46622.74 461.48 2960.42
28.00 8.00 -46145.72 -46785.57 461.48 2960.42
29.00 8.00 -46145.72 -46220.11 461.48 2960.42
30.00 9.00 -44907.17 -44907.17 460.04 2959.70
31.00 10.00 -44798.60 -44798.60 466.31 2951.70
32.00 11.00 -44659.72 -44659.72 459.89 2954.20
33.00 11.00 -44659.72 -45286.11 459.89 2954.20
34.00 11.00 -44659.72 -45259.89 459.89 2954.20
35.00 11.00 -44659.72 -48711.47 459.89 2954.20
36.00 11.00 -44659.72 -46693.21 459.89 2954.20
37.00 11.00 -44659.72 -46908.53 459.89 2954.20
38.00 11.00 -44659.72 -45759.00 459.89 2954.20
39.00 11.00 -44659.72 -45590.48 459.89 2954.20
40.00 11.00 -44659.72 -44824.28 459.89 2954.20
41.00 11.00 -44659.72 -46415.61 459.89 2954.20
42.00 11.00 -44659.72 -48237.39 459.89 2954.20
43.00 11.00 -44659.72 -46732.06 459.89 2954.20
44.00 11.00 -44659.72 -45995.65 459.89 2954.20
45.00 11.00 -44659.72 -46083.92 459.89 2954.20
46.00 11.00 -44659.72 -46335.01 459.89 2954.20
47.00 11.00 -44659.72 -47323.24 459.89 2954.20
48.00 12.00 -44275.88 -44275.88 468.28 2929.48
49.00 12.00 -44275.88 -45149.43 468.28 2929.48
50.00 12.00 -44275.88 -45671.03 468.28 2929.48
51.00 12.00 -44275.88 -47031.03 468.28 2929.48
52.00 12.00 -44275.88 -45127.42 468.28 2929.48
53.00 12.00 -44275.88 -44322.96 468.28 2929.48
54.00 12.00 -44275.88 -47735.33 468.28 2929.48
55.00 12.00 -44275.88 -47014.50 468.28 2929.48
56.00 12.00 -44275.88 -47919.53 468.28 2929.48
57.00 12.00 -44275.88 -47158.77 468.28 2929.48
58.00 12.00 -44275.88 -44532.03 468.28 2929.48
59.00 12.00 -44275.88 -44925.96 468.28 2929.48
60.00 12.00 -44275.88 -46335.42 468.28 2929.48
