0.00 0.00 -42022.86 -43293.05 1.00 1.00
1.00 1.00 -39787.47 -39787.47 475.31 2933.11
2.00 1.00 -39787.47 -40799.53 475.31 2933.11
3.00 2.00 -38971.74 -38971.74 480.78 2924.48
4.00 2.00 -38971.74 -42485.58 480.78 2924.48
5.00 3.00 -38138.92 -38138.92 455.94 2936.94
6.00 4.00 -37846.89 -37846.89 448.44 2923.71
7.00 4.00 -37846.89 -37879.38 448.44 2923.71
8.00 4.00 -37846.89 -40307.10 448.44 2923.71
9.00 4.00 -37846.89 -41321.99 448.44 2923.71
10.00 4.00 -37846.89 -39048.45 448.44 2923.71
11.00 4.00 -37846.89 -40560.65 448.44 2923.71
12.00 4.00 -37846.89 -39787.77 448.44 2923.71
13.00 4.00 -37846.89 -39931.48 448.44 2923.71
14.00 4.00 -37846.89 -39695.54 448.44 2923.71
15.00 4.00 -37846.89 -39045.15 448.44 2923.71
16.00 4.00 -37846.89 -40023.37 448.44 2923.71
17.00 4.00 -37846.89 -39305.73 448.44 2923.71
18.00 4.00 -37846.89 -38716.64 448.44 2923.71
19.00 4.00 -37846.89 -38699.23 448.44 2923.71
20.00 5.00 -37799.42 -37799.42 468.67 2928.77
21.00 5.00 -46099.64 -46610.54 468.67 2928.77
22.00 6.00 -45694.44 -45694.44 477.62 2920.25
23.00 7.00 -44661.19 -44661.19 477.45 2913.16
24.00 7.00 -44661.19 -48688.08 477.45 2913.16
25.00 7.00 -44661.19 -47955.79 477.45 2913.16
26.00 7.00 -44661.19 -44977.93 477.45 2913.16
27.00 7.00 -44661.19 -45359.11 477.45 2913.16
28.00 7.00 -44661.19 -46085.41 477.45 2913.16
29.00 7.00 -44661.19 -48832.87 477.45 2913.16
30.00 7.00 -44661.19 -46370.93 477.45 2913.16
31.00 7.00 -44661.19 -48986.53 477.45 2913.16
32.00 7.00 -44661.19 -45962.55 477.45 2913.16
33.00 7.00 -44661.19 -47859.08 477.45 2913.16
34.00 7.00 -44661.19 -44792.59 477.45 2913.16
35.00 8.00 -44474.42 -44474.42 466.46 2946.73
36.00 8.00 -44474.42 -46327.39 466.46 2946.73
37.00 8.00 -44474.42 -46225.04 466.46 2946.73
38.00 8.00 -44474.42 -46448.42 466.46 2946.73
39.00 8.00 -44474.42 -46994.03 466.46 2946.73
40.00 9.00 -44175.56 -44175.56 472.73 2938.19
41.00 9.00 -44175.56 -44394.42 472.73 2938.19
42.00 10.00 -44011.18 -44011.18 462.82 2931.16
43.00 10.00 -44011.18 -44501.45 462.82 2931.16
44.00 10.00 -44011.18 -44940.25 462.82 2931.16
45.00 10.00 -44011.18 -44103.81 462.82 2931.16
46.00 10.00 -44011.18 -45302.12 462.82 2931.16
47.00 10.00 -44011.18 -46849.97 462.82 2931.16
48.00 10.00 -44011.18 -47476.87 462.82 2931.16
49.00 10.00 -44011.18 -45859.74 462.82 2931.16
50.00 10.00 -44011.18 -48018.08 462.82 2931.16
51.00 10.00 -44011.18 -47253.83 462.82 2931.16
52.00 10.00 -44011.18 -45550.78 462.82 2931.16
53.00 10.00 -44011.18 -45738.72 462.82 2931.16
54.00 10.00 -44011.18 -47941.14 462.82 2931.16
55.00 10.00 -44011.18 -49069.19 462.82 2931.16
56.00 10.00 -44011.18 -48436.51 462.82 2931.16
57.00 10.00 -44011.18 -46998.92 462.82 2931.16
58.00 10.00 -44011.18 -47899.44 462.82 2931.16
59.00 10.00 -44011.18 -47535.83 462.82 2931.16
60.00 10.00 -44011.18 -45623.67 462.82 2931.16
