0.00 0.00 -29227.37 -29433.39 1.00 1.00
1.00 1.00 -27534.28 -27534.28 450.28 2963.15
2.00 1.00 -27534.28 -27835.46 450.28 2963.15
3.00 1.00 -27534.28 -28379.99 450.28 2963.15
4.00 2.00 -27189.63 -27189.63 496.81 2870.43
5.00 3.00 -26290.50 -26290.50 496.10 2882.07
6.00 3.00 -26290.50 -27752.61 496.10 2882.07
7.00 3.00 -26290.50 -26502.50 496.10 2882.07
8.00 4.00 -25904.89 -25904.89 481.44 2878.87
9.00 5.00 -25700.10 -25700.10 495.63 2873.97
10.00 5.00 -25700.10 -26227.79 495.63 2873.97
11.00 5.00 -25700.10 -26241.87 495.63 2873.97
12.00 6.00 -24614.43 -24614.43 482.88 2912.01
13.00 6.00 -24614.43 -25273.47 482.88 2912.01
14.00 6.00 -24614.43 -26773.84 482.88 2912.01
15.00 6.00 -24614.43 -26783.45 482.88 2912.01
16.00 6.00 -24614.43 -25628.62 482.88 2912.01
17.00 6.00 -24614.43 -25396.24 482.88 2912.01
18.00 6.00 -24614.43 -28323.56 482.88 2912.01
19.00 6.00 -24614.43 -26555.87 482.88 2912.01
20.00 6.00 -24614.43 -25302.42 482.88 2912.01
21.00 7.00 -45112.42 -45112.42 459.42 2924.06
22.00 7.00 -45112.42 -47149.05 459.42 2924.06
23.00 7.00 -45112.42 -47424.32 459.42 2924.06
24.00 7.00 -45112.42 -47185.02 459.42 2924.06
25.00 7.00 -45112.42 -47367.36 459.42 2924.06
26.00 7.00 -45112.42 -47638.59 459.42 2924.06
27.00 7.00 -45112.42 -47526.92 459.42 2924.06
28.00 7.00 -45112.42 -45959.88 459.42 2924.06
29.00 7.00 -45112.42 -45436.70 459.42 2924.06
30.00 7.00 -45112.42 -46840.30 459.42 2924.06
31.00 7.00 -45112.42 -46560.58 459.42 2924.06
32.00 7.00 -45112.42 -47178.68 459.42 2924.06
33.00 7.00 -45112.42 -47927.85 459.42 2924.06
34.00 7.00 -45112.42 -48047.60 459.42 2924.06
35.00 7.00 -45112.42 -47760.63 459.42 2924.06
36.00 7.00 -45112.42 -47178.08 459.42 2924.06
37.00 7.00 -45112.42 -47708.87 459.42 2924.06
38.00 7.00 -45112.42 -48137.74 459.42 2924.06
39.00 7.00 -45112.42 -45720.70 459.42 2924.06
40.00 7.00 -45112.42 -47652.39 459.42 2924.06
41.00 7.00 -45112.42 -49553.97 459.42 2924.06
42.00 7.00 -45112.42 -47051.54 459.42 2924.06
43.00 7.00 -45112.42 -48043.67 459.42 2924.06
44.00 7.00 -45112.42 -45637.36 459.42 2924.06
45.00 7.00 -45112.42 -45814.55 459.42 2924.06
46.00 7.00 -45112.42 -47080.97 459.42 2924.06
47.00 7.00 -45112.42 -50354.10 459.42 2924.06
48.00 7.00 -45112.42 -45957.45 459.42 2924.06
49.00 7.00 -45112.42 -45391.55 459.42 2924.06
50.00 7.00 -45112.42 -47616.45 459.42 2924.06
51.00 7.00 -45112.42 -49605.98 459.42 2924.06
52.00 7.00 -45112.42 -46575.76 459.42 2924.06
53.00 7.00 -45112.42 -45929.79 459.42 2924.06
54.00 7.00 -45112.42 -47409.67 459.42 2924.06
55.00 7.00 -45112.42 -50625.55 459.42 2924.06
56.00 7.00 -45112.42 -46091.74 459.42 2924.06
57.00 7.00 -45112.42 -46779.06 459.42 2924.06
58.00 7.00 -45112.42 -48124.43 459.42 2924.06
59.00 7.00 -45112.42 -47599.54 459.42 2924.06
60.00 7.00 -45112.42 -47322.83 459.42 2924.06
