0.00 0.00 -29792.86 -31523.26 1.00 1.00
1.00 1.00 -29180.91 -29180.91 475.01 2944.43
2.00 1.00 -29180.91 -30631.18 475.01 2944.43
3.00 1.00 -29180.91 -32059.19 475.01 2944.43
4.00 1.00 -29180.91 -29323.55 475.01 2944.43
5.00 1.00 -29180.91 -29384.52 475.01 2944.43
6.00 2.00 -28972.19 -28972.19 463.28 2932.79
7.00 2.00 -28972.19 -29374.63 463.28 2932.79
8.00 2.00 -28972.19 -29441.04 463.28 2932.79
9.00 2.00 -28972.19 -30567.54 463.28 2932.79
10.00 2.00 -28972.19 -29940.24 463.28 2932.79
11.00 3.00 -27381.62 -27381.62 505.86 2880.42
12.00 3.00 -27381.62 -27758.93 505.86 2880.42
13.00 3.00 -27381.62 -27541.55 505.86 2880.42
14.00 3.00 -27381.62 -28050.40 505.86 2880.42
15.00 3.00 -27381.62 -28267.30 505.86 2880.42
16.00 3.00 -27381.62 -29266.37 505.86 2880.42
17.00 3.00 -27381.62 -28796.24 505.86 2880.42
18.00 3.00 -27381.62 -27540.77 505.86 2880.42
19.00 3.00 -27381.62 -27558.38 505.86 2880.42
20.00 3.00 -27381.62 -28841.17 505.86 2880.42
21.00 4.00 -46738.01 -46738.01 461.39 2954.42
22.00 5.00 -45500.79 -45500.79 458.49 2925.91
23.00 6.00 -43767.21 -43767.21 468.39 2914.80
24.00 6.00 -43767.21 -46445.26 468.39 2914.80
25.00 6.00 -43767.21 -45641.52 468.39 2914.80
26.00 6.00 -43767.21 -48291.57 468.39 2914.80
27.00 6.00 -43767.21 -47863.92 468.39 2914.80
28.00 6.00 -43767.21 -48014.07 468.39 2914.80
29.00 6.00 -43767.21 -47730.46 468.39 2914.80
30.00 6.00 -43767.21 -46426.66 468.39 2914.80
31.00 6.00 -43767.21 -45813.52 468.39 2914.80
32.00 6.00 -43767.21 -47280.92 468.39 2914.80
33.00 6.00 -43767.21 -48026.34 468.39 2914.80
34.00 6.00 -43767.21 -47293.51 468.39 2914.80
35.00 6.00 -43767.21 -47919.97 468.39 2914.80
36.00 6.00 -43767.21 -47365.18 468.39 2914.80
37.00 6.00 -43767.21 -48729.05 468.39 2914.80
38.00 6.00 -43767.21 -46042.83 468.39 2914.80
39.00 6.00 -43767.21 -46925.62 468.39 2914.80
40.00 6.00 -43767.21 -49265.90 468.39 2914.80
41.00 6.00 -43767.21 -48915.10 468.39 2914.80
42.00 6.00 -43767.21 -48385.03 468.39 2914.80
43.00 6.00 -43767.21 -47823.21 468.39 2914.80
44.00 6.00 -43767.21 -48356.17 468.39 2914.80
45.00 6.00 -43767.21 -48631.27 468.39 2914.80
46.00 6.00 -43767.21 -47654.23 468.39 2914.80
47.00 6.00 -43767.21 -49383.44 468.39 2914.80
48.00 6.00 -43767.21 -47718.07 468.39 2914.80
49.00 6.00 -43767.21 -47976.52 468.39 2914.80
50.00 6.00 -43767.21 -45130.70 468.39 2914.80
51.00 6.00 -43767.21 -44869.93 468.39 2914.80
52.00 6.00 -43767.21 -44667.36 468.39 2914.80
53.00 6.00 -43767.21 -45277.78 468.39 2914.80
54.00 6.00 -43767.21 -44940.16 468.39 2914.80
55.00 6.00 -43767.21 -45651.57 468.39 2914.80
56.00 6.00 -43767.21 -44928.55 468.39 2914.80
57.00 6.00 -43767.21 -45423.25 468.39 2914.80
58.00 6.00 -43767.21 -47506.27 468.39 2914.80
59.00 6.00 -43767.21 -46422.70 468.39 2914.80
60.00 6.00 -43767.21 -47808.47 468.39 2914.80
