0.00 0.00 -32632.06 -34483.18 1.00 1.00
1.00 0.00 -32632.06 -34987.88 1.00 1.00
2.00 1.00 -32156.71 -32156.71 463.58 2929.07
3.00 1.00 -32156.71 -34687.54 463.58 2929.07
4.00 2.00 -31342.08 -31342.08 463.59 2965.60
5.00 2.00 -31342.08 -33342.58 463.59 2965.60
6.00 2.00 -31342.08 -32357.97 463.59 2965.60
7.00 2.00 -31342.08 -32659.32 463.59 2965.60
8.00 2.00 -31342.08 -32655.23 463.59 2965.60
9.00 2.00 -31342.08 -32373.85 463.59 2965.60
10.00 2.00 -31342.08 -34310.13 463.59 2965.60
11.00 2.00 -31342.08 -31891.04 463.59 2965.60
12.00 2.00 -31342.08 -32714.53 463.59 2965.60
13.00 2.00 -31342.08 -32580.59 463.59 2965.60
14.00 3.00 -30892.78 -30892.78 485.96 2873.04
15.00 3.00 -30892.78 -31648.01 485.96 2873.04
16.00 4.00 -30281.76 -30281.76 486.28 2910.69
17.00 4.00 -30281.76 -31349.10 486.28 2910.69
18.00 4.00 -30281.76 -32503.09 486.28 2910.69
19.00 4.00 -30281.76 -32196.77 486.28 2910.69
20.00 4.00 -30281.76 -32801.08 486.28 2910.69
21.00 5.00 -47069.10 -47069.10 515.29 2885.16
22.00 5.00 -47069.10 -47168.93 515.29 2885.16
23.00 6.00 -46056.41 -46056.41 455.75 2957.16
24.00 7.00 -46034.20 -46034.20 471.66 2920.01
25.00 8.00 -45712.42 -45712.42 461.06 2920.13
26.00 8.00 -45712.42 -48424.58 461.06 2920.13
27.00 8.00 -45712.42 -47920.67 461.06 2920.13
28.00 8.00 -45712.42 -47646.17 461.06 2920.13
29.00 8.00 -45712.42 -47455.19 461.06 2920.13
30.00 8.00 -45712.42 -47621.13 461.06 2920.13
31.00 8.00 -45712.42 -47643.33 461.06 2920.13
32.00 9.00 -45189.15 -45189.15 483.48 2905.07
33.00 9.00 -45189.15 -45419.41 483.48 2905.07
34.00 9.00 -45189.15 -47106.11 483.48 2905.07
35.00 9.00 -45189.15 -47701.41 483.48 2905.07
36.00 9.00 -45189.15 -47402.84 483.48 2905.07
37.00 9.00 -45189.15 -48567.69 483.48 2905.07
38.00 9.00 -45189.15 -47833.50 483.48 2905.07
39.00 9.00 -45189.15 -47147.23 483.48 2905.07
40.00 9.00 -45189.15 -45380.76 483.48 2905.07
41.00 9.00 -45189.15 -48801.99 483.48 2905.07
42.00 9.00 -45189.15 -47780.73 483.48 2905.07
43.00 9.00 -45189.15 -45917.65 483.48 2905.07
44.00 9.00 -45189.15 -47102.25 483.48 2905.07
45.00 9.00 -45189.15 -48064.49 483.48 2905.07
46.00 9.00 -45189.15 -47410.22 483.48 2905.07
47.00 9.00 -45189.15 -47546.49 483.48 2905.07
48.00 9.00 -45189.15 -46721.47 483.48 2905.07
49.00 9.00 -45189.15 -46823.70 483.48 2905.07
50.00 9.00 -45189.15 -48093.29 483.48 2905.07
51.00 9.00 -45189.15 -50272.32 483.48 2905.07
52.00 9.00 -45189.15 -46709.11 483.48 2905.07
53.00 9.00 -45189.15 -46337.91 483.48 2905.07
54.00 9.00 -45189.15 -45767.16 483.48 2905.07
55.00 9.00 -45189.15 -45485.02 483.48 2905.07
56.00 9.00 -45189.15 -45955.38 483.48 2905.07
57.00 9.00 -45189.15 -46417.22 483.48 2905.07
58.00 10.00 -44762.01 -44762.01 484.51 2921.36
59.00 10.00 -44762.01 -45336.28 484.51 2921.36
60.00 10.00 -44762.01 -49467.93 484.51 2921.36
