0.00 0.00 -34889.03 -36851.79 1.00 1.00
1.00 1.00 -34186.81 -34186.81 462.69 2917.89
2.00 1.00 -34186.81 -37933.93 462.69 2917.89
3.00 1.00 -34186.81 -38297.97 462.69 2917.89
4.00 1.00 -34186.81 -38176.20 462.69 2917.89
5.00 1.00 -34186.81 -35430.12 462.69 2917.89
6.00 1.00 -34186.81 -35169.89 462.69 2917.89
7.00 1.00 -34186.81 -34603.18 462.69 2917.89
8.00 1.00 -34186.81 -35407.86 462.69 2917.89
9.00 1.00 -34186.81 -37710.79 462.69 2917.89
10.00 1.00 -34186.81 -35387.09 462.69 2917.89
11.00 1.00 -34186.81 -35955.21 462.69 2917.89
12.00 1.00 -34186.81 -35483.23 462.69 2917.89
13.00 1.00 -34186.81 -35822.57 462.69 2917.89
14.00 1.00 -34186.81 -38122.77 462.69 2917.89
15.00 1.00 -34186.81 -38042.12 462.69 2917.89
16.00 1.00 -34186.81 -34236.54 462.69 2917.89
17.00 1.00 -34186.81 -34366.91 462.69 2917.89
18.00 2.00 -33841.82 -33841.82 469.16 2920.25
19.00 2.00 -33841.82 -34349.03 469.16 2920.25
20.00 2.00 -33841.82 -34840.33 469.16 2920.25
21.00 2.00 -46571.16 -47695.32 469.16 2920.25
22.00 2.00 -46571.16 -47549.42 469.16 2920.25
23.00 2.00 -46571.16 -46729.13 469.16 2920.25
24.00 3.00 -44755.49 -44755.49 469.23 2951.64
25.00 4.00 -44355.67 -44355.67 472.93 2944.94
26.00 4.00 -44355.67 -47053.90 472.93 2944.94
27.00 4.00 -44355.67 -45264.49 472.93 2944.94
28.00 4.00 -44355.67 -47021.04 472.93 2944.94
29.00 4.00 -44355.67 -48590.27 472.93 2944.94
30.00 4.00 -44355.67 -47509.87 472.93 2944.94
31.00 4.00 -44355.67 -46843.06 472.93 2944.94
32.00 4.00 -44355.67 -47606.09 472.93 2944.94
33.00 4.00 -44355.67 -47399.56 472.93 2944.94
34.00 4.00 -44355.67 -46381.69 472.93 2944.94
35.00 4.00 -44355.67 -46815.47 472.93 2944.94
36.00 4.00 -44355.67 -47140.13 472.93 2944.94
37.00 4.00 -44355.67 -48578.43 472.93 2944.94
38.00 4.00 -44355.67 -47220.02 472.93 2944.94
39.00 4.00 -44355.67 -48819.55 472.93 2944.94
40.00 4.00 -44355.67 -46680.43 472.93 2944.94
41.00 4.00 -44355.67 -47601.22 472.93 2944.94
42.00 4.00 -44355.67 -48248.70 472.93 2944.94
43.00 4.00 -44355.67 -47504.66 472.93 2944.94
44.00 4.00 -44355.67 -46032.52 472.93 2944.94
45.00 4.00 -44355.67 -45131.98 472.93 2944.94
46.00 4.00 -44355.67 -47622.96 472.93 2944.94
47.00 4.00 -44355.67 -47951.66 472.93 2944.94
48.00 4.00 -44355.67 -47356.74 472.93 2944.94
49.00 4.00 -44355.67 -46813.78 472.93 2944.94
50.00 4.00 -44355.67 -47785.86 472.93 2944.94
51.00 4.00 -44355.67 -46338.24 472.93 2944.94
52.00 4.00 -44355.67 -46947.35 472.93 2944.94
53.00 4.00 -44355.67 -48332.51 472.93 2944.94
54.00 4.00 -44355.67 -45400.19 472.93 2944.94
55.00 4.00 -44355.67 -46947.52 472.93 2944.94
56.00 4.00 -44355.67 -47344.61 472.93 2944.94
57.00 4.00 -44355.67 -48518.24 472.93 2944.94
58.00 4.00 -44355.67 -46830.63 472.93 2944.94
59.00 4.00 -44355.67 -46771.24 472.93 2944.94
60.00 4.00 -44355.67 -45582.14 472.93 2944.94
