0.00 1.00 -19501.63 -19501.63 191.72 1801.31
1.00 1.00 -19501.63 -43626.16 191.72 1801.31
2.00 1.00 -19501.63 -43649.29 191.72 1801.31
3.00 1.00 -19501.63 -43635.27 191.72 1801.31
4.00 2.00 -19465.17 -19465.17 192.28 1859.06
5.00 2.00 -19465.17 -19471.73 192.28 1859.06
6.00 3.00 -19441.36 -19441.36 191.97 1808.92
7.00 3.00 -19441.36 -19456.94 191.97 1808.92
8.00 3.00 -19441.36 -43650.44 191.97 1808.92
9.00 3.00 -19441.36 -19507.28 191.97 1808.92
10.00 3.00 -19441.36 -19730.12 191.97 1808.92
11.00 4.00 -19412.56 -19412.56 191.98 1867.70
