0.00 1.00 -14726.82 -14726.82 194.12 1922.88
1.00 1.00 -14726.82 -14741.54 194.12 1922.88
2.00 1.00 -14726.82 -33026.59 194.12 1922.88
3.00 1.00 -14726.82 -14791.55 194.12 1922.88
4.00 1.00 -14726.82 -33105.09 194.12 1922.88
5.00 1.00 -14726.82 -33057.46 194.12 1922.88
6.00 1.00 -14726.82 -14873.12 194.12 1922.88
7.00 1.00 -14726.82 -14802.25 194.12 1922.88
8.00 2.00 -14704.39 -14704.39 191.44 1828.22
9.00 3.00 -14659.49 -14659.49 196.61 1947.22
10.00 3.00 -14659.49 -33051.35 196.61 1947.22
11.00 3.00 -14659.49 -33046.97 196.61 1947.22
