0.00 0.00 -12889.79 -28804.65 1.00 1.00
1.00 0.00 -12889.79 -28829.20 1.00 1.00
2.00 0.00 -12889.79 -28774.02 1.00 1.00
3.00 0.00 -12889.79 -28748.62 1.00 1.00
4.00 1.00 -12807.51 -12807.51 191.98 1867.70
5.00 1.00 -12807.51 -12899.54 191.98 1867.70
6.00 1.00 -12807.51 -12857.30 191.98 1867.70
7.00 1.00 -12807.51 -12885.07 191.98 1867.70
8.00 1.00 -12807.51 -28787.82 191.98 1867.70
9.00 1.00 -12807.51 -12926.66 191.98 1867.70
10.00 1.00 -12807.51 -12890.88 191.98 1867.70
11.00 2.00 -12791.63 -12791.63 193.50 1889.30
