0.00 1.00 -16971.76 -16971.76 187.82 1811.68
1.00 2.00 -16833.08 -16833.08 194.43 1893.21
2.00 2.00 -16833.08 -37985.96 194.43 1893.21
3.00 2.00 -16833.08 -17028.62 194.43 1893.21
4.00 2.00 -16833.08 -16949.91 194.43 1893.21
5.00 2.00 -16833.08 -38023.25 194.43 1893.21
6.00 2.00 -16833.08 -16879.91 194.43 1893.21
7.00 2.00 -16833.08 -38060.04 194.43 1893.21
8.00 2.00 -16833.08 -17069.30 194.43 1893.21
9.00 2.00 -16833.08 -16932.23 194.43 1893.21
10.00 2.00 -16833.08 -16929.83 194.43 1893.21
11.00 2.00 -16833.08 -17013.39 194.43 1893.21
