0.00 1.00 -22386.76 -22386.76 190.95 1811.98
1.00 2.00 -22292.59 -22292.59 190.63 1828.06
2.00 2.00 -22292.59 -50115.14 190.63 1828.06
3.00 2.00 -22292.59 -50105.11 190.63 1828.06
4.00 2.00 -22292.59 -22554.97 190.63 1828.06
5.00 2.00 -22292.59 -22435.48 190.63 1828.06
6.00 2.00 -22292.59 -22407.14 190.63 1828.06
7.00 2.00 -22292.59 -22428.37 190.63 1828.06
8.00 2.00 -22292.59 -22427.84 190.63 1828.06
9.00 2.00 -22292.59 -22332.26 190.63 1828.06
10.00 2.00 -22292.59 -50161.27 190.63 1828.06
11.00 2.00 -22292.59 -50113.00 190.63 1828.06
