0.00 1.00 -11171.37 -11171.37 192.42 1829.38
1.00 1.00 -11171.37 -11299.73 192.42 1829.38
2.00 1.00 -11171.37 -11179.74 192.42 1829.38
3.00 2.00 -11148.78 -11148.78 191.81 1847.03
4.00 2.00 -11148.78 -25077.09 191.81 1847.03
5.00 2.00 -11148.78 -11157.96 191.81 1847.03
6.00 2.00 -11148.78 -25059.44 191.81 1847.03
7.00 2.00 -11148.78 -11257.88 191.81 1847.03
8.00 2.00 -11148.78 -11178.82 191.81 1847.03
9.00 2.00 -11148.78 -11187.14 191.81 1847.03
10.00 2.00 -11148.78 -11214.82 191.81 1847.03
11.00 2.00 -11148.78 -11150.31 191.81 1847.03
