0.72837469 1.28035476 0.41378503 0.88028494 0.00000185 0.56899973 0.98389241 0.27981333 0.01992108 0.03707014 0.28553873 9.14213425 20573.73034521 18.28113631 0.15628770 61.81970322 -0.18226026 0.00853091 0.28474482 -0.16809084 0.23065949 -0.39394611 0.26939291 0.38810020 0.18533301 0.44098843 0.65657376 -0.20317361 -0.41330214 -0.84334651 0.76324866 -0.27872556 0.33076109 -0.73749885 0.61618946 0.84428068 -0.69731780 0.51783920 -0.49307313 -0.78494168 -0.51027520 0.28620481 0.07581751 0.36440128 0.63299112 0.98006453 -0.26466014 0.37871722 -0.96034784 -0.77259597 -0.07534519
0.72837469 1.28035476 0.41378503 0.88028494 0.00000185 0.56899973 0.98389241 0.27981333 0.01992108 0.03707014 0.28553873 9.14213425 20573.73034521 18.28113631 0.15628770 61.81970322 -0.18226026 0.00853091 0.28474482 -0.16809084 0.23065949 -0.39394611 0.26939291 0.38810020 0.18533301 0.44098843 0.65657376 -0.20317361 -0.41330214 -0.84334651 0.76324866 -0.27872556 0.33076109 -0.73749885 0.61618946 0.84428068 -0.69731780 0.51783920 -0.49307313 -0.78494168 -0.51027520 0.28620481 0.07581751 0.36440128 0.63299112 0.98006453 -0.26466014 0.37871722 -0.96034784 -0.77259597 -0.07534519
0.72837469 1.28035476 0.41378503 0.88028494 0.00000185 0.56899973 0.98389241 0.27981333 0.01992108 0.03707014 0.28553873 9.14213425 20573.73034521 18.28113631 0.15628770 61.81970322 -0.18226026 0.00853091 0.28474482 -0.16809084 0.23065949 -0.39394611 0.26939291 0.38810020 0.18533301 0.44098843 0.65657376 -0.20317361 -0.41330214 -0.84334651 0.76324866 -0.27872556 0.33076109 -0.73749885 0.61618946 0.84428068 -0.69731780 0.51783920 -0.49307313 -0.78494168 -0.51027520 0.28620481 0.07581751 0.36440128 0.63299112 0.98006453 -0.26466014 0.37871722 -0.96034784 -0.77259597 -0.07534519
1.30071736 1.35697866 1.60292897 1.57681421 0.00000432 0.89179025 1.60144561 0.19612114 0.02543745 0.02818368 0.31929066 5.55979030 24012.62146042 15.44956016 0.00246950 24.52667171 0.01434957 0.00082425 -0.10055748 0.06676447 -0.28292518 0.12848218 -0.36761527 -0.39384146 0.22432810 0.44673962 -0.51184167 -0.33913012 0.86677446 -0.47568755 0.26870986 -0.02656396 0.13673202 -0.40786141 -0.64740121 0.24574154 0.47087668 0.40144128 -0.46313894 0.61754269 -0.02922905 0.07229689 0.05545288 0.01636331 -0.76727491 -0.54696556 0.95090223 -0.60682657 0.82537711 -0.26444366 -0.88281864
1.30071736 1.35697866 1.60292897 1.57681421 0.00000432 0.89179025 1.60144561 0.19612114 0.02543745 0.02818368 0.31929066 5.55979030 24012.62146042 15.44956016 0.00246950 24.52667171 0.01434957 0.00082425 -0.10055748 0.06676447 -0.28292518 0.12848218 -0.36761527 -0.39384146 0.22432810 0.44673962 -0.51184167 -0.33913012 0.86677446 -0.47568755 0.26870986 -0.02656396 0.13673202 -0.40786141 -0.64740121 0.24574154 0.47087668 0.40144128 -0.46313894 0.61754269 -0.02922905 0.07229689 0.05545288 0.01636331 -0.76727491 -0.54696556 0.95090223 -0.60682657 0.82537711 -0.26444366 -0.88281864
1.30071736 1.35697866 1.60292897 1.57681421 0.00000432 0.89179025 1.60144561 0.19612114 0.02543745 0.02818368 0.31929066 5.55979030 24012.62146042 15.44956016 0.00246950 24.52667171 0.01434957 0.00082425 -0.10055748 0.06676447 -0.28292518 0.12848218 -0.36761527 -0.39384146 0.22432810 0.44673962 -0.51184167 -0.33913012 0.86677446 -0.47568755 0.26870986 -0.02656396 0.13673202 -0.40786141 -0.64740121 0.24574154 0.47087668 0.40144128 -0.46313894 0.61754269 -0.02922905 0.07229689 0.05545288 0.01636331 -0.76727491 -0.54696556 0.95090223 -0.60682657 0.82537711 -0.26444366 -0.88281864
1.30071736 1.35697866 1.60292897 1.57681421 0.00000432 0.89179025 1.60144561 0.19612114 0.02543745 0.02818368 0.31929066 5.55979030 24012.62146042 15.44956016 0.00246950 24.52667171 0.01434957 0.00082425 -0.10055748 0.06676447 -0.28292518 0.12848218 -0.36761527 -0.39384146 0.22432810 0.44673962 -0.51184167 -0.33913012 0.86677446 -0.47568755 0.26870986 -0.02656396 0.13673202 -0.40786141 -0.64740121 0.24574154 0.47087668 0.40144128 -0.46313894 0.61754269 -0.02922905 0.07229689 0.05545288 0.01636331 -0.76727491 -0.54696556 0.95090223 -0.60682657 0.82537711 -0.26444366 -0.88281864
1.30071736 1.35697866 1.60292897 1.57681421 0.00000432 0.89179025 1.60144561 0.19612114 0.02543745 0.02818368 0.31929066 5.55979030 24012.62146042 15.44956016 0.00246950 24.52667171 0.01434957 0.00082425 -0.10055748 0.06676447 -0.28292518 0.12848218 -0.36761527 -0.39384146 0.22432810 0.44673962 -0.51184167 -0.33913012 0.86677446 -0.47568755 0.26870986 -0.02656396 0.13673202 -0.40786141 -0.64740121 0.24574154 0.47087668 0.40144128 -0.46313894 0.61754269 -0.02922905 0.07229689 0.05545288 0.01636331 -0.76727491 -0.54696556 0.95090223 -0.60682657 0.82537711 -0.26444366 -0.88281864
1.30071736 1.35697866 1.60292897 1.57681421 0.00000432 0.89179025 1.60144561 0.19612114 0.02543745 0.02818368 0.31929066 5.55979030 24012.62146042 15.44956016 0.00246950 24.52667171 0.01434957 0.00082425 -0.10055748 0.06676447 -0.28292518 0.12848218 -0.36761527 -0.39384146 0.22432810 0.44673962 -0.51184167 -0.33913012 0.86677446 -0.47568755 0.26870986 -0.02656396 0.13673202 -0.40786141 -0.64740121 0.24574154 0.47087668 0.40144128 -0.46313894 0.61754269 -0.02922905 0.07229689 0.05545288 0.01636331 -0.76727491 -0.54696556 0.95090223 -0.60682657 0.82537711 -0.26444366 -0.88281864
1.30071736 1.35697866 1.60292897 1.57681421 0.00000432 0.89179025 1.60144561 0.19612114 0.02543745 0.02818368 0.31929066 5.55979030 24012.62146042 15.44956016 0.00246950 24.52667171 0.01434957 0.00082425 -0.10055748 0.06676447 -0.28292518 0.12848218 -0.36761527 -0.39384146 0.22432810 0.44673962 -0.51184167 -0.33913012 0.86677446 -0.47568755 0.26870986 -0.02656396 0.13673202 -0.40786141 -0.64740121 0.24574154 0.47087668 0.40144128 -0.46313894 0.61754269 -0.02922905 0.07229689 0.05545288 0.01636331 -0.76727491 -0.54696556 0.95090223 -0.60682657 0.82537711 -0.26444366 -0.88281864
1.30071736 1.35697866 1.60292897 1.57681421 0.00000432 0.89179025 1.60144561 0.19612114 0.02543745 0.02818368 0.31929066 5.55979030 24012.62146042 15.44956016 0.00246950 24.52667171 0.01434957 0.00082425 -0.10055748 0.06676447 -0.28292518 0.12848218 -0.36761527 -0.39384146 0.22432810 0.44673962 -0.51184167 -0.33913012 0.86677446 -0.47568755 0.26870986 -0.02656396 0.13673202 -0.40786141 -0.64740121 0.24574154 0.47087668 0.40144128 -0.46313894 0.61754269 -0.02922905 0.07229689 0.05545288 0.01636331 -0.76727491 -0.54696556 0.95090223 -0.60682657 0.82537711 -0.26444366 -0.88281864
1.30071736 1.35697866 1.60292897 1.57681421 0.00000432 0.89179025 1.60144561 0.19612114 0.02543745 0.02818368 0.31929066 5.55979030 24012.62146042 15.44956016 0.00246950 24.52667171 0.01434957 0.00082425 -0.10055748 0.06676447 -0.28292518 0.12848218 -0.36761527 -0.39384146 0.22432810 0.44673962 -0.51184167 -0.33913012 0.86677446 -0.47568755 0.26870986 -0.02656396 0.13673202 -0.40786141 -0.64740121 0.24574154 0.47087668 0.40144128 -0.46313894 0.61754269 -0.02922905 0.07229689 0.05545288 0.01636331 -0.76727491 -0.54696556 0.95090223 -0.60682657 0.82537711 -0.26444366 -0.88281864
