0.00000000 0.00000000 0.00000000 0.00000000 0.00000000 0.00000000 0.00000000 0.00000000 0.00000000 0.00000000 0.00000000 0.00000000 0.00000000 0.00000000 0.00000000 0.00000000 0.00000000 0.00000000 0.00000000 0.00000000 0.00000000 0.00000000 0.00000000 0.00000000 0.00000000 0.00000000 0.00000000 0.00000000 0.00000000 0.00000000 0.00000000 0.00000000 0.00000000 0.00000000 0.00000000 0.00000000 0.00000000 0.00000000 0.00000000 0.00000000 0.00000000 0.00000000 0.00000000 0.00000000 0.00000000 0.00000000 0.00000000 0.00000000 0.00000000 0.00000000 0.00000000
0.00000000 0.00000000 0.00000000 0.00000000 0.00000000 0.00000000 0.00000000 0.00000000 0.00000000 0.00000000 0.00000000 0.00000000 0.00000000 0.00000000 0.00000000 0.00000000 0.00000000 0.00000000 0.00000000 0.00000000 0.00000000 0.00000000 0.00000000 0.00000000 0.00000000 0.00000000 0.00000000 0.00000000 0.00000000 0.00000000 0.00000000 0.00000000 0.00000000 0.00000000 0.00000000 0.00000000 0.00000000 0.00000000 0.00000000 0.00000000 0.00000000 0.00000000 0.00000000 0.00000000 0.00000000 0.00000000 0.00000000 0.00000000 0.00000000 0.00000000 0.00000000
0.00000000 0.00000000 0.00000000 0.00000000 0.00000000 0.00000000 0.00000000 0.00000000 0.00000000 0.00000000 0.00000000 0.00000000 0.00000000 0.00000000 0.00000000 0.00000000 0.00000000 0.00000000 0.00000000 0.00000000 0.00000000 0.00000000 0.00000000 0.00000000 0.00000000 0.00000000 0.00000000 0.00000000 0.00000000 0.00000000 0.00000000 0.00000000 0.00000000 0.00000000 0.00000000 0.00000000 0.00000000 0.00000000 0.00000000 0.00000000 0.00000000 0.00000000 0.00000000 0.00000000 0.00000000 0.00000000 0.00000000 0.00000000 0.00000000 0.00000000 0.00000000
0.00000000 0.00000000 0.00000000 0.00000000 0.00000000 0.00000000 0.00000000 0.00000000 0.00000000 0.00000000 0.00000000 0.00000000 0.00000000 0.00000000 0.00000000 0.00000000 0.00000000 0.00000000 0.00000000 0.00000000 0.00000000 0.00000000 0.00000000 0.00000000 0.00000000 0.00000000 0.00000000 0.00000000 0.00000000 0.00000000 0.00000000 0.00000000 0.00000000 0.00000000 0.00000000 0.00000000 0.00000000 0.00000000 0.00000000 0.00000000 0.00000000 0.00000000 0.00000000 0.00000000 0.00000000 0.00000000 0.00000000 0.00000000 0.00000000 0.00000000 0.00000000
1.06005722 1.48578898 0.72091785 1.30062766 0.00000401 0.75321216 0.76522757 0.10795007 0.00873666 0.02247788 0.17188801 0.23114630 24056.61631129 5.11662229 0.06936768 74.87460918 -0.11166721 -0.13516903 -0.06382061 -0.24170764 0.08528302 -0.08522622 0.43000552 -0.10689828 -0.45824615 0.11074342 0.35507275 -0.82150472 0.14113496 0.87349384 -0.14063312 -0.51453079 -0.72102820 0.87546556 -0.40784294 0.18893295 0.76018758 0.73509690 -0.21235330 -0.97617922 0.17392416 -0.72726136 0.78101997 0.27865487 -0.31983451 0.91569506 -0.59038060 0.97985719 0.71789495 0.48804538 0.13698908
1.06005722 1.48578898 0.72091785 1.30062766 0.00000401 0.75321216 0.76522757 0.10795007 0.00873666 0.02247788 0.17188801 0.23114630 24056.61631129 5.11662229 0.06936768 74.87460918 -0.11166721 -0.13516903 -0.06382061 -0.24170764 0.08528302 -0.08522622 0.43000552 -0.10689828 -0.45824615 0.11074342 0.35507275 -0.82150472 0.14113496 0.87349384 -0.14063312 -0.51453079 -0.72102820 0.87546556 -0.40784294 0.18893295 0.76018758 0.73509690 -0.21235330 -0.97617922 0.17392416 -0.72726136 0.78101997 0.27865487 -0.31983451 0.91569506 -0.59038060 0.97985719 0.71789495 0.48804538 0.13698908
1.06005722 1.48578898 0.72091785 1.30062766 0.00000401 0.75321216 0.76522757 0.10795007 0.00873666 0.02247788 0.17188801 0.23114630 24056.61631129 5.11662229 0.06936768 74.87460918 -0.11166721 -0.13516903 -0.06382061 -0.24170764 0.08528302 -0.08522622 0.43000552 -0.10689828 -0.45824615 0.11074342 0.35507275 -0.82150472 0.14113496 0.87349384 -0.14063312 -0.51453079 -0.72102820 0.87546556 -0.40784294 0.18893295 0.76018758 0.73509690 -0.21235330 -0.97617922 0.17392416 -0.72726136 0.78101997 0.27865487 -0.31983451 0.91569506 -0.59038060 0.97985719 0.71789495 0.48804538 0.13698908
1.06005722 1.48578898 0.72091785 1.30062766 0.00000401 0.75321216 0.76522757 0.10795007 0.00873666 0.02247788 0.17188801 0.23114630 24056.61631129 5.11662229 0.06936768 74.87460918 -0.11166721 -0.13516903 -0.06382061 -0.24170764 0.08528302 -0.08522622 0.43000552 -0.10689828 -0.45824615 0.11074342 0.35507275 -0.82150472 0.14113496 0.87349384 -0.14063312 -0.51453079 -0.72102820 0.87546556 -0.40784294 0.18893295 0.76018758 0.73509690 -0.21235330 -0.97617922 0.17392416 -0.72726136 0.78101997 0.27865487 -0.31983451 0.91569506 -0.59038060 0.97985719 0.71789495 0.48804538 0.13698908
1.06005722 1.48578898 0.72091785 1.30062766 0.00000401 0.75321216 0.76522757 0.10795007 0.00873666 0.02247788 0.17188801 0.23114630 24056.61631129 5.11662229 0.06936768 74.87460918 -0.11166721 -0.13516903 -0.06382061 -0.24170764 0.08528302 -0.08522622 0.43000552 -0.10689828 -0.45824615 0.11074342 0.35507275 -0.82150472 0.14113496 0.87349384 -0.14063312 -0.51453079 -0.72102820 0.87546556 -0.40784294 0.18893295 0.76018758 0.73509690 -0.21235330 -0.97617922 0.17392416 -0.72726136 0.78101997 0.27865487 -0.31983451 0.91569506 -0.59038060 0.97985719 0.71789495 0.48804538 0.13698908
1.06005722 1.48578898 0.72091785 1.30062766 0.00000401 0.75321216 0.76522757 0.10795007 0.00873666 0.02247788 0.17188801 0.23114630 24056.61631129 5.11662229 0.06936768 74.87460918 -0.11166721 -0.13516903 -0.06382061 -0.24170764 0.08528302 -0.08522622 0.43000552 -0.10689828 -0.45824615 0.11074342 0.35507275 -0.82150472 0.14113496 0.87349384 -0.14063312 -0.51453079 -0.72102820 0.87546556 -0.40784294 0.18893295 0.76018758 0.73509690 -0.21235330 -0.97617922 0.17392416 -0.72726136 0.78101997 0.27865487 -0.31983451 0.91569506 -0.59038060 0.97985719 0.71789495 0.48804538 0.13698908
1.06005722 1.48578898 0.72091785 1.30062766 0.00000401 0.75321216 0.76522757 0.10795007 0.00873666 0.02247788 0.17188801 0.23114630 24056.61631129 5.11662229 0.06936768 74.87460918 -0.11166721 -0.13516903 -0.06382061 -0.24170764 0.08528302 -0.08522622 0.43000552 -0.10689828 -0.45824615 0.11074342 0.35507275 -0.82150472 0.14113496 0.87349384 -0.14063312 -0.51453079 -0.72102820 0.87546556 -0.40784294 0.18893295 0.76018758 0.73509690 -0.21235330 -0.97617922 0.17392416 -0.72726136 0.78101997 0.27865487 -0.31983451 0.91569506 -0.59038060 0.97985719 0.71789495 0.48804538 0.13698908
1.64160079 1.00117239 0.31309758 0.73310518 0.00000280 0.34173173 0.00342290 0.30696358 0.01275695 0.00013147 0.46621138 4.38780556 21922.42120075 10.22002263 0.04610544 48.08280365 -0.05604110 -0.14684621 -0.09086762 0.28333842 -0.29998559 0.21703180 0.29227096 0.06194575 -0.40347637 0.21030619 0.33413499 -0.28452408 0.38966300 0.53932026 -0.49251611 -0.19853520 0.54247244 -0.86403635 -0.89639453 -0.46123079 0.92712147 -0.28560083 0.70505138 -0.48511577 -0.81008721 0.91326061 0.93888398 0.33039009 -0.48510922 -0.83259337 -0.76868426 -0.84280663 -0.24890547 0.07333458 -0.57796552
