0.86388393 0.30070335 0.67097433 1.44117902 0.00000340 0.54022488 1.31302647 0.08538014 0.01843038 0.02432262 0.28419421 1.09346930 24759.23333989 14.42552571 0.07892450 18.86695381 -0.01012832 -0.11462360 0.27757929 -0.05889709 -0.29947011 -0.29638681 0.43063054 0.34634459 0.19660933 0.21209362 -0.52790064 -0.87390597 -0.78504982 0.00045942 0.85267846 0.10282464 -0.20173941 0.79375500 -0.22785181 0.05652165 -0.75409749 -0.33955344 0.93385710 0.73369320 -0.53914132 0.60037221 -0.29434473 0.71760503 0.92239359 0.02966099 -0.61098668 -0.71345718 0.23867633 -0.19842722 -0.61176705
0.86388393 0.30070335 0.67097433 1.44117902 0.00000340 0.54022488 1.31302647 0.08538014 0.01843038 0.02432262 0.28419421 1.09346930 24759.23333989 14.42552571 0.07892450 18.86695381 -0.01012832 -0.11462360 0.27757929 -0.05889709 -0.29947011 -0.29638681 0.43063054 0.34634459 0.19660933 0.21209362 -0.52790064 -0.87390597 -0.78504982 0.00045942 0.85267846 0.10282464 -0.20173941 0.79375500 -0.22785181 0.05652165 -0.75409749 -0.33955344 0.93385710 0.73369320 -0.53914132 0.60037221 -0.29434473 0.71760503 0.92239359 0.02966099 -0.61098668 -0.71345718 0.23867633 -0.19842722 -0.61176705
0.86388393 0.30070335 0.67097433 1.44117902 0.00000340 0.54022488 1.31302647 0.08538014 0.01843038 0.02432262 0.28419421 1.09346930 24759.23333989 14.42552571 0.07892450 18.86695381 -0.01012832 -0.11462360 0.27757929 -0.05889709 -0.29947011 -0.29638681 0.43063054 0.34634459 0.19660933 0.21209362 -0.52790064 -0.87390597 -0.78504982 0.00045942 0.85267846 0.10282464 -0.20173941 0.79375500 -0.22785181 0.05652165 -0.75409749 -0.33955344 0.93385710 0.73369320 -0.53914132 0.60037221 -0.29434473 0.71760503 0.92239359 0.02966099 -0.61098668 -0.71345718 0.23867633 -0.19842722 -0.61176705
0.86388393 0.30070335 0.67097433 1.44117902 0.00000340 0.54022488 1.31302647 0.08538014 0.01843038 0.02432262 0.28419421 1.09346930 24759.23333989 14.42552571 0.07892450 18.86695381 -0.01012832 -0.11462360 0.27757929 -0.05889709 -0.29947011 -0.29638681 0.43063054 0.34634459 0.19660933 0.21209362 -0.52790064 -0.87390597 -0.78504982 0.00045942 0.85267846 0.10282464 -0.20173941 0.79375500 -0.22785181 0.05652165 -0.75409749 -0.33955344 0.93385710 0.73369320 -0.53914132 0.60037221 -0.29434473 0.71760503 0.92239359 0.02966099 -0.61098668 -0.71345718 0.23867633 -0.19842722 -0.61176705
0.86388393 0.30070335 0.67097433 1.44117902 0.00000340 0.54022488 1.31302647 0.08538014 0.01843038 0.02432262 0.28419421 1.09346930 24759.23333989 14.42552571 0.07892450 18.86695381 -0.01012832 -0.11462360 0.27757929 -0.05889709 -0.29947011 -0.29638681 0.43063054 0.34634459 0.19660933 0.21209362 -0.52790064 -0.87390597 -0.78504982 0.00045942 0.85267846 0.10282464 -0.20173941 0.79375500 -0.22785181 0.05652165 -0.75409749 -0.33955344 0.93385710 0.73369320 -0.53914132 0.60037221 -0.29434473 0.71760503 0.92239359 0.02966099 -0.61098668 -0.71345718 0.23867633 -0.19842722 -0.61176705
0.86388393 0.30070335 0.67097433 1.44117902 0.00000340 0.54022488 1.31302647 0.08538014 0.01843038 0.02432262 0.28419421 1.09346930 24759.23333989 14.42552571 0.07892450 18.86695381 -0.01012832 -0.11462360 0.27757929 -0.05889709 -0.29947011 -0.29638681 0.43063054 0.34634459 0.19660933 0.21209362 -0.52790064 -0.87390597 -0.78504982 0.00045942 0.85267846 0.10282464 -0.20173941 0.79375500 -0.22785181 0.05652165 -0.75409749 -0.33955344 0.93385710 0.73369320 -0.53914132 0.60037221 -0.29434473 0.71760503 0.92239359 0.02966099 -0.61098668 -0.71345718 0.23867633 -0.19842722 -0.61176705
0.86388393 0.30070335 0.67097433 1.44117902 0.00000340 0.54022488 1.31302647 0.08538014 0.01843038 0.02432262 0.28419421 1.09346930 24759.23333989 14.42552571 0.07892450 18.86695381 -0.01012832 -0.11462360 0.27757929 -0.05889709 -0.29947011 -0.29638681 0.43063054 0.34634459 0.19660933 0.21209362 -0.52790064 -0.87390597 -0.78504982 0.00045942 0.85267846 0.10282464 -0.20173941 0.79375500 -0.22785181 0.05652165 -0.75409749 -0.33955344 0.93385710 0.73369320 -0.53914132 0.60037221 -0.29434473 0.71760503 0.92239359 0.02966099 -0.61098668 -0.71345718 0.23867633 -0.19842722 -0.61176705
0.86388393 0.30070335 0.67097433 1.44117902 0.00000340 0.54022488 1.31302647 0.08538014 0.01843038 0.02432262 0.28419421 1.09346930 24759.23333989 14.42552571 0.07892450 18.86695381 -0.01012832 -0.11462360 0.27757929 -0.05889709 -0.29947011 -0.29638681 0.43063054 0.34634459 0.19660933 0.21209362 -0.52790064 -0.87390597 -0.78504982 0.00045942 0.85267846 0.10282464 -0.20173941 0.79375500 -0.22785181 0.05652165 -0.75409749 -0.33955344 0.93385710 0.73369320 -0.53914132 0.60037221 -0.29434473 0.71760503 0.92239359 0.02966099 -0.61098668 -0.71345718 0.23867633 -0.19842722 -0.61176705
0.35710120 0.96590670 1.37167785 1.55858124 0.00000484 0.17840273 0.27912145 0.20177343 0.00602285 0.01436951 0.48723186 0.45525837 24444.41736475 18.72326406 0.15324686 20.33081729 0.03773044 0.12362642 0.11921325 -0.21407069 0.02945791 -0.11976662 -0.14713429 -0.09388426 -0.18710619 0.47533040 -0.83631789 -0.50828690 0.50793878 0.75469404 -0.03647914 -0.76882265 -0.27047477 0.84529222 0.70658175 0.79653171 -0.75900467 -0.33234471 0.33528266 0.83861148 0.91704310 -0.60572082 -0.27442190 0.85669288 -0.32442593 0.23836579 0.61391223 0.07723257 0.08246443 0.51674209 0.44297045
0.30274689 1.15954435 1.23841339 1.62062394 0.00000445 0.13217351 0.46003638 0.22057518 0.01239396 0.00959963 0.33176518 0.45525837 22637.25773313 16.61031745 0.13125576 20.04173082 0.02924688 0.07329637 0.04964935 -0.13982632 -0.06606455 -0.24823006 0.00870301 -0.04776733 0.01800121 0.47533040 -0.55023195 -0.46834177 0.45259783 0.74281072 0.01335854 -0.81120429 -0.59335125 0.94393289 0.77312188 0.76152482 -0.75900467 0.04085403 0.40311090 0.83861148 0.98839823 -0.47023058 -0.34250944 0.85669288 -0.56941032 0.27666564 0.61391223 0.11479140 0.06005513 0.56367081 0.60820765
0.30274689 1.15954435 1.23841339 1.62062394 0.00000445 0.13217351 0.46003638 0.22057518 0.01239396 0.00959963 0.33176518 0.45525837 22637.25773313 16.61031745 0.13125576 20.04173082 0.02924688 0.07329637 0.04964935 -0.13982632 -0.06606455 -0.24823006 0.00870301 -0.04776733 0.01800121 0.47533040 -0.55023195 -0.46834177 0.45259783 0.74281072 0.01335854 -0.81120429 -0.59335125 0.94393289 0.77312188 0.76152482 -0.75900467 0.04085403 0.40311090 0.83861148 0.98839823 -0.47023058 -0.34250944 0.85669288 -0.56941032 0.27666564 0.61391223 0.11479140 0.06005513 0.56367081 0.60820765
0.30274689 1.15954435 1.23841339 1.62062394 0.00000445 0.13217351 0.46003638 0.22057518 0.01239396 0.00959963 0.33176518 0.45525837 22637.25773313 16.61031745 0.13125576 20.04173082 0.02924688 0.07329637 0.04964935 -0.13982632 -0.06606455 -0.24823006 0.00870301 -0.04776733 0.01800121 0.47533040 -0.55023195 -0.46834177 0.45259783 0.74281072 0.01335854 -0.81120429 -0.59335125 0.94393289 0.77312188 0.76152482 -0.75900467 0.04085403 0.40311090 0.83861148 0.98839823 -0.47023058 -0.34250944 0.85669288 -0.56941032 0.27666564 0.61391223 0.11479140 0.06005513 0.56367081 0.60820765
