0.87089566 1.00180662 0.47999320 0.32372753 0.00000071 0.66953999 0.05533018 0.06876938 0.03084604 0.01505658 0.54662412 4.73234663 27615.84524018 8.15015070 0.06431871 43.43302960 -0.01084838 -0.06415725 0.19537732 0.17506609 -0.09558088 -0.24974593 0.20695950 0.14386427 -0.47524783 0.17316037 -0.47655182 0.00693898 0.27079145 0.19186020 0.84911238 0.28324305 -0.01808018 -0.49320298 -0.20984778 -0.32708103 -0.83740921 0.31316194 0.99186387 -0.35432758 -0.81211717 -0.85310939 0.91491797 -0.12497478 -0.69758195 0.87498864 0.97179370 0.88140965 -0.21874403 -0.79601649 -0.28115796
0.87089566 1.00180662 0.47999320 0.32372753 0.00000071 0.66953999 0.05533018 0.06876938 0.03084604 0.01505658 0.54662412 4.73234663 27615.84524018 8.15015070 0.06431871 43.43302960 -0.01084838 -0.06415725 0.19537732 0.17506609 -0.09558088 -0.24974593 0.20695950 0.14386427 -0.47524783 0.17316037 -0.47655182 0.00693898 0.27079145 0.19186020 0.84911238 0.28324305 -0.01808018 -0.49320298 -0.20984778 -0.32708103 -0.83740921 0.31316194 0.99186387 -0.35432758 -0.81211717 -0.85310939 0.91491797 -0.12497478 -0.69758195 0.87498864 0.97179370 0.88140965 -0.21874403 -0.79601649 -0.28115796
0.87089566 1.00180662 0.47999320 0.32372753 0.00000071 0.66953999 0.05533018 0.06876938 0.03084604 0.01505658 0.54662412 4.73234663 27615.84524018 8.15015070 0.06431871 43.43302960 -0.01084838 -0.06415725 0.19537732 0.17506609 -0.09558088 -0.24974593 0.20695950 0.14386427 -0.47524783 0.17316037 -0.47655182 0.00693898 0.27079145 0.19186020 0.84911238 0.28324305 -0.01808018 -0.49320298 -0.20984778 -0.32708103 -0.83740921 0.31316194 0.99186387 -0.35432758 -0.81211717 -0.85310939 0.91491797 -0.12497478 -0.69758195 0.87498864 0.97179370 0.88140965 -0.21874403 -0.79601649 -0.28115796
0.87089566 1.00180662 0.47999320 0.32372753 0.00000071 0.66953999 0.05533018 0.06876938 0.03084604 0.01505658 0.54662412 4.73234663 27615.84524018 8.15015070 0.06431871 43.43302960 -0.01084838 -0.06415725 0.19537732 0.17506609 -0.09558088 -0.24974593 0.20695950 0.14386427 -0.47524783 0.17316037 -0.47655182 0.00693898 0.27079145 0.19186020 0.84911238 0.28324305 -0.01808018 -0.49320298 -0.20984778 -0.32708103 -0.83740921 0.31316194 0.99186387 -0.35432758 -0.81211717 -0.85310939 0.91491797 -0.12497478 -0.69758195 0.87498864 0.97179370 0.88140965 -0.21874403 -0.79601649 -0.28115796
1.61355038 1.05616178 0.50468943 0.70600184 0.00000268 0.41014502 0.37756674 0.38055149 0.01677110 0.00013147 0.44581785 6.41632571 20230.91701377 9.92920046 0.00170868 62.09591229 -0.03444922 -0.18913214 -0.07085198 0.28333842 -0.34143705 0.21703180 0.23879405 -0.00957849 -0.49438005 0.16253911 0.56043750 -0.71167497 -0.04656889 0.81466839 -0.56204486 0.07827408 0.20397771 -0.86403635 -0.89639453 -0.51750751 0.66659250 -0.10309045 0.85456742 -0.52409241 -0.56204370 0.73531666 0.93888398 0.37340893 -0.32011098 -0.96628273 -0.72977167 -0.84280663 0.11393061 0.23984836 -0.43523041
1.61355038 1.05616178 0.50468943 0.70600184 0.00000268 0.41014502 0.37756674 0.38055149 0.01677110 0.00013147 0.44581785 6.41632571 20230.91701377 9.92920046 0.00170868 62.09591229 -0.03444922 -0.18913214 -0.07085198 0.28333842 -0.34143705 0.21703180 0.23879405 -0.00957849 -0.49438005 0.16253911 0.56043750 -0.71167497 -0.04656889 0.81466839 -0.56204486 0.07827408 0.20397771 -0.86403635 -0.89639453 -0.51750751 0.66659250 -0.10309045 0.85456742 -0.52409241 -0.56204370 0.73531666 0.93888398 0.37340893 -0.32011098 -0.96628273 -0.72977167 -0.84280663 0.11393061 0.23984836 -0.43523041
0.93842127 1.21424534 0.65901206 0.32372753 0.00000132 0.55895543 0.14501675 0.18735920 0.02988696 0.02045008 0.43960255 6.73399682 28276.05875940 8.20168780 0.08747226 50.41117348 -0.02291876 -0.02538463 0.13979404 0.21335893 -0.10873843 -0.28916714 0.42481076 0.07966558 -0.47524783 0.01339974 -0.60463940 0.02263297 0.43054250 0.29805784 0.84911238 0.07907894 -0.12019749 -0.89565843 -0.28730355 -0.16717211 -0.77699852 0.27733681 0.99186387 -0.30691614 -0.91504249 -0.67287925 0.91491797 0.07411914 -0.91334045 0.87498864 0.98236518 0.52600607 -0.06223178 -0.97938767 -0.50238619
0.93842127 1.21424534 0.65901206 0.32372753 0.00000132 0.55895543 0.14501675 0.18735920 0.02988696 0.02045008 0.43960255 6.73399682 28276.05875940 8.20168780 0.08747226 50.41117348 -0.02291876 -0.02538463 0.13979404 0.21335893 -0.10873843 -0.28916714 0.42481076 0.07966558 -0.47524783 0.01339974 -0.60463940 0.02263297 0.43054250 0.29805784 0.84911238 0.07907894 -0.12019749 -0.89565843 -0.28730355 -0.16717211 -0.77699852 0.27733681 0.99186387 -0.30691614 -0.91504249 -0.67287925 0.91491797 0.07411914 -0.91334045 0.87498864 0.98236518 0.52600607 -0.06223178 -0.97938767 -0.50238619
0.93842127 1.21424534 0.65901206 0.32372753 0.00000132 0.55895543 0.14501675 0.18735920 0.02988696 0.02045008 0.43960255 6.73399682 28276.05875940 8.20168780 0.08747226 50.41117348 -0.02291876 -0.02538463 0.13979404 0.21335893 -0.10873843 -0.28916714 0.42481076 0.07966558 -0.47524783 0.01339974 -0.60463940 0.02263297 0.43054250 0.29805784 0.84911238 0.07907894 -0.12019749 -0.89565843 -0.28730355 -0.16717211 -0.77699852 0.27733681 0.99186387 -0.30691614 -0.91504249 -0.67287925 0.91491797 0.07411914 -0.91334045 0.87498864 0.98236518 0.52600607 -0.06223178 -0.97938767 -0.50238619
0.93842127 1.21424534 0.65901206 0.32372753 0.00000132 0.55895543 0.14501675 0.18735920 0.02988696 0.02045008 0.43960255 6.73399682 28276.05875940 8.20168780 0.08747226 50.41117348 -0.02291876 -0.02538463 0.13979404 0.21335893 -0.10873843 -0.28916714 0.42481076 0.07966558 -0.47524783 0.01339974 -0.60463940 0.02263297 0.43054250 0.29805784 0.84911238 0.07907894 -0.12019749 -0.89565843 -0.28730355 -0.16717211 -0.77699852 0.27733681 0.99186387 -0.30691614 -0.91504249 -0.67287925 0.91491797 0.07411914 -0.91334045 0.87498864 0.98236518 0.52600607 -0.06223178 -0.97938767 -0.50238619
0.93842127 1.21424534 0.65901206 0.32372753 0.00000132 0.55895543 0.14501675 0.18735920 0.02988696 0.02045008 0.43960255 6.73399682 28276.05875940 8.20168780 0.08747226 50.41117348 -0.02291876 -0.02538463 0.13979404 0.21335893 -0.10873843 -0.28916714 0.42481076 0.07966558 -0.47524783 0.01339974 -0.60463940 0.02263297 0.43054250 0.29805784 0.84911238 0.07907894 -0.12019749 -0.89565843 -0.28730355 -0.16717211 -0.77699852 0.27733681 0.99186387 -0.30691614 -0.91504249 -0.67287925 0.91491797 0.07411914 -0.91334045 0.87498864 0.98236518 0.52600607 -0.06223178 -0.97938767 -0.50238619
1.09913834 1.36110749 0.69247182 1.23851921 0.00000401 0.72404561 1.08354229 0.23592488 0.00432359 0.02174558 0.20522206 0.23114630 22069.53298257 5.11662229 0.04277764 74.87460918 -0.11159651 -0.18227591 -0.05998628 -0.23357079 0.06576168 -0.11217463 0.43000552 -0.12065553 -0.45835964 0.30231808 0.69793104 -0.94815234 0.00056726 0.80684647 -0.13186529 -0.48819532 -0.52806039 0.87546556 -0.82424247 0.48139454 0.95053718 0.52915011 -0.09210027 -0.96859352 -0.00549115 -0.80942633 0.92803351 0.62152381 -0.42996249 0.83337356 -0.70989439 0.93567111 0.53059598 0.46951868 0.27352133
