1.70630181 1.78483806 0.86389588 1.24517404 0.00000154 0.36549075 1.05242697 0.04401233 0.04433104 0.01734285 0.65961610 8.57935888 24526.31454722 12.85712508 0.05188320 28.67084061 0.17013102 0.13891156 -0.22507475 -0.26693383 -0.24174863 -0.02263519 0.42078633 0.30059258 -0.24090013 0.04102504 0.68028667 0.48740349 -0.19459628 -0.86202508 0.02389681 -0.86285794 0.82216287 -0.32371206 0.90624205 -0.66334839 0.42007741 -0.47284487 -0.88905222 0.06806237 0.46821631 -0.93926333 -0.19548603 -0.54706272 -0.48394828 -0.06218812 -0.35238227 -0.59658277 0.21660291 -0.11630439 0.50911193
0.96577507 1.04771034 1.64542211 1.47111815 0.00000279 0.70039576 1.49578473 0.45540799 0.00659254 0.04554452 0.11332246 9.92423972 26063.19279223 10.52458050 0.18180174 64.09594019 0.07880038 -0.03985424 -0.05649992 -0.05234765 0.35227898 0.13170162 -0.27752593 0.29234042 -0.20697149 -0.45334983 0.62790952 0.62615869 -0.61286534 0.22430040 0.02736614 -0.58033057 0.05198157 0.47159209 0.47397215 0.98884261 -0.86385175 0.00643878 0.21525172 -0.12628108 -0.86909047 0.16735803 0.13647020 -0.81750185 0.85110090 -0.66377995 -0.18642300 0.61629464 0.01939785 -0.59079712 -0.14358748
0.96577507 1.04771034 1.64542211 1.47111815 0.00000279 0.70039576 1.49578473 0.45540799 0.00659254 0.04554452 0.11332246 9.92423972 26063.19279223 10.52458050 0.18180174 64.09594019 0.07880038 -0.03985424 -0.05649992 -0.05234765 0.35227898 0.13170162 -0.27752593 0.29234042 -0.20697149 -0.45334983 0.62790952 0.62615869 -0.61286534 0.22430040 0.02736614 -0.58033057 0.05198157 0.47159209 0.47397215 0.98884261 -0.86385175 0.00643878 0.21525172 -0.12628108 -0.86909047 0.16735803 0.13647020 -0.81750185 0.85110090 -0.66377995 -0.18642300 0.61629464 0.01939785 -0.59079712 -0.14358748
0.96577507 1.04771034 1.64542211 1.47111815 0.00000279 0.70039576 1.49578473 0.45540799 0.00659254 0.04554452 0.11332246 9.92423972 26063.19279223 10.52458050 0.18180174 64.09594019 0.07880038 -0.03985424 -0.05649992 -0.05234765 0.35227898 0.13170162 -0.27752593 0.29234042 -0.20697149 -0.45334983 0.62790952 0.62615869 -0.61286534 0.22430040 0.02736614 -0.58033057 0.05198157 0.47159209 0.47397215 0.98884261 -0.86385175 0.00643878 0.21525172 -0.12628108 -0.86909047 0.16735803 0.13647020 -0.81750185 0.85110090 -0.66377995 -0.18642300 0.61629464 0.01939785 -0.59079712 -0.14358748
0.96577507 1.04771034 1.64542211 1.47111815 0.00000279 0.70039576 1.49578473 0.45540799 0.00659254 0.04554452 0.11332246 9.92423972 26063.19279223 10.52458050 0.18180174 64.09594019 0.07880038 -0.03985424 -0.05649992 -0.05234765 0.35227898 0.13170162 -0.27752593 0.29234042 -0.20697149 -0.45334983 0.62790952 0.62615869 -0.61286534 0.22430040 0.02736614 -0.58033057 0.05198157 0.47159209 0.47397215 0.98884261 -0.86385175 0.00643878 0.21525172 -0.12628108 -0.86909047 0.16735803 0.13647020 -0.81750185 0.85110090 -0.66377995 -0.18642300 0.61629464 0.01939785 -0.59079712 -0.14358748
0.96577507 1.04771034 1.64542211 1.47111815 0.00000279 0.70039576 1.49578473 0.45540799 0.00659254 0.04554452 0.11332246 9.92423972 26063.19279223 10.52458050 0.18180174 64.09594019 0.07880038 -0.03985424 -0.05649992 -0.05234765 0.35227898 0.13170162 -0.27752593 0.29234042 -0.20697149 -0.45334983 0.62790952 0.62615869 -0.61286534 0.22430040 0.02736614 -0.58033057 0.05198157 0.47159209 0.47397215 0.98884261 -0.86385175 0.00643878 0.21525172 -0.12628108 -0.86909047 0.16735803 0.13647020 -0.81750185 0.85110090 -0.66377995 -0.18642300 0.61629464 0.01939785 -0.59079712 -0.14358748
0.96577507 1.04771034 1.64542211 1.47111815 0.00000279 0.70039576 1.49578473 0.45540799 0.00659254 0.04554452 0.11332246 9.92423972 26063.19279223 10.52458050 0.18180174 64.09594019 0.07880038 -0.03985424 -0.05649992 -0.05234765 0.35227898 0.13170162 -0.27752593 0.29234042 -0.20697149 -0.45334983 0.62790952 0.62615869 -0.61286534 0.22430040 0.02736614 -0.58033057 0.05198157 0.47159209 0.47397215 0.98884261 -0.86385175 0.00643878 0.21525172 -0.12628108 -0.86909047 0.16735803 0.13647020 -0.81750185 0.85110090 -0.66377995 -0.18642300 0.61629464 0.01939785 -0.59079712 -0.14358748
0.96577507 1.04771034 1.64542211 1.47111815 0.00000279 0.70039576 1.49578473 0.45540799 0.00659254 0.04554452 0.11332246 9.92423972 26063.19279223 10.52458050 0.18180174 64.09594019 0.07880038 -0.03985424 -0.05649992 -0.05234765 0.35227898 0.13170162 -0.27752593 0.29234042 -0.20697149 -0.45334983 0.62790952 0.62615869 -0.61286534 0.22430040 0.02736614 -0.58033057 0.05198157 0.47159209 0.47397215 0.98884261 -0.86385175 0.00643878 0.21525172 -0.12628108 -0.86909047 0.16735803 0.13647020 -0.81750185 0.85110090 -0.66377995 -0.18642300 0.61629464 0.01939785 -0.59079712 -0.14358748
0.96577507 1.04771034 1.64542211 1.47111815 0.00000279 0.70039576 1.49578473 0.45540799 0.00659254 0.04554452 0.11332246 9.92423972 26063.19279223 10.52458050 0.18180174 64.09594019 0.07880038 -0.03985424 -0.05649992 -0.05234765 0.35227898 0.13170162 -0.27752593 0.29234042 -0.20697149 -0.45334983 0.62790952 0.62615869 -0.61286534 0.22430040 0.02736614 -0.58033057 0.05198157 0.47159209 0.47397215 0.98884261 -0.86385175 0.00643878 0.21525172 -0.12628108 -0.86909047 0.16735803 0.13647020 -0.81750185 0.85110090 -0.66377995 -0.18642300 0.61629464 0.01939785 -0.59079712 -0.14358748
0.96577507 1.04771034 1.64542211 1.47111815 0.00000279 0.70039576 1.49578473 0.45540799 0.00659254 0.04554452 0.11332246 9.92423972 26063.19279223 10.52458050 0.18180174 64.09594019 0.07880038 -0.03985424 -0.05649992 -0.05234765 0.35227898 0.13170162 -0.27752593 0.29234042 -0.20697149 -0.45334983 0.62790952 0.62615869 -0.61286534 0.22430040 0.02736614 -0.58033057 0.05198157 0.47159209 0.47397215 0.98884261 -0.86385175 0.00643878 0.21525172 -0.12628108 -0.86909047 0.16735803 0.13647020 -0.81750185 0.85110090 -0.66377995 -0.18642300 0.61629464 0.01939785 -0.59079712 -0.14358748
0.96577507 1.04771034 1.64542211 1.47111815 0.00000279 0.70039576 1.49578473 0.45540799 0.00659254 0.04554452 0.11332246 9.92423972 26063.19279223 10.52458050 0.18180174 64.09594019 0.07880038 -0.03985424 -0.05649992 -0.05234765 0.35227898 0.13170162 -0.27752593 0.29234042 -0.20697149 -0.45334983 0.62790952 0.62615869 -0.61286534 0.22430040 0.02736614 -0.58033057 0.05198157 0.47159209 0.47397215 0.98884261 -0.86385175 0.00643878 0.21525172 -0.12628108 -0.86909047 0.16735803 0.13647020 -0.81750185 0.85110090 -0.66377995 -0.18642300 0.61629464 0.01939785 -0.59079712 -0.14358748
0.96577507 1.04771034 1.64542211 1.47111815 0.00000279 0.70039576 1.49578473 0.45540799 0.00659254 0.04554452 0.11332246 9.92423972 26063.19279223 10.52458050 0.18180174 64.09594019 0.07880038 -0.03985424 -0.05649992 -0.05234765 0.35227898 0.13170162 -0.27752593 0.29234042 -0.20697149 -0.45334983 0.62790952 0.62615869 -0.61286534 0.22430040 0.02736614 -0.58033057 0.05198157 0.47159209 0.47397215 0.98884261 -0.86385175 0.00643878 0.21525172 -0.12628108 -0.86909047 0.16735803 0.13647020 -0.81750185 0.85110090 -0.66377995 -0.18642300 0.61629464 0.01939785 -0.59079712 -0.14358748
