0.40257743 1.46952267 1.59218816 0.31025776 0.00000159 0.65708586 1.38602501 0.30570068 0.01386180 0.04450386 0.12074169 5.31944376 26219.31468156 9.22622925 0.19098584 26.11756018 0.07573419 -0.00978090 0.05600897 -0.28084880 -0.18019944 -0.02929470 -0.08365957 0.21169665 0.48645199 0.18956348 -0.72071808 0.39027234 -0.76701587 0.98120274 -0.03123284 -0.72465100 0.77647526 0.03010574 -0.67491297 0.05759041 0.56486721 -0.35447683 0.25144572 0.03473181 -0.53154707 -0.11231702 -0.49704907 0.75321218 -0.58712602 0.23335004 -0.08385847 -0.41061028 -0.25437275 0.88551793 0.28473136
0.99594566 1.02650597 1.51476394 0.82512563 0.00000164 0.48263592 1.99034795 0.46362086 0.02371324 0.02028665 0.24286723 8.23235384 24916.18963135 18.39108522 0.01315190 74.46470628 0.03370466 -0.02246042 0.16542481 0.00421981 0.00264693 0.39757707 0.10526490 -0.29759798 0.11897766 0.46285000 0.27690356 -0.15279438 0.80410699 -0.52437045 0.40844398 0.98762337 0.92342351 0.14118980 0.25554519 0.11487144 0.80752503 0.93196013 0.34580007 -0.07507514 0.52108004 -0.30530962 -0.06316673 -0.83888681 0.40328122 0.20881974 0.30216442 0.57386831 0.10581914 0.01931641 -0.40831451
0.99594566 1.02650597 1.51476394 0.82512563 0.00000164 0.48263592 1.99034795 0.46362086 0.02371324 0.02028665 0.24286723 8.23235384 24916.18963135 18.39108522 0.01315190 74.46470628 0.03370466 -0.02246042 0.16542481 0.00421981 0.00264693 0.39757707 0.10526490 -0.29759798 0.11897766 0.46285000 0.27690356 -0.15279438 0.80410699 -0.52437045 0.40844398 0.98762337 0.92342351 0.14118980 0.25554519 0.11487144 0.80752503 0.93196013 0.34580007 -0.07507514 0.52108004 -0.30530962 -0.06316673 -0.83888681 0.40328122 0.20881974 0.30216442 0.57386831 0.10581914 0.01931641 -0.40831451
0.99594566 1.02650597 1.51476394 0.82512563 0.00000164 0.48263592 1.99034795 0.46362086 0.02371324 0.02028665 0.24286723 8.23235384 24916.18963135 18.39108522 0.01315190 74.46470628 0.03370466 -0.02246042 0.16542481 0.00421981 0.00264693 0.39757707 0.10526490 -0.29759798 0.11897766 0.46285000 0.27690356 -0.15279438 0.80410699 -0.52437045 0.40844398 0.98762337 0.92342351 0.14118980 0.25554519 0.11487144 0.80752503 0.93196013 0.34580007 -0.07507514 0.52108004 -0.30530962 -0.06316673 -0.83888681 0.40328122 0.20881974 0.30216442 0.57386831 0.10581914 0.01931641 -0.40831451
0.99594566 1.02650597 1.51476394 0.82512563 0.00000164 0.48263592 1.99034795 0.46362086 0.02371324 0.02028665 0.24286723 8.23235384 24916.18963135 18.39108522 0.01315190 74.46470628 0.03370466 -0.02246042 0.16542481 0.00421981 0.00264693 0.39757707 0.10526490 -0.29759798 0.11897766 0.46285000 0.27690356 -0.15279438 0.80410699 -0.52437045 0.40844398 0.98762337 0.92342351 0.14118980 0.25554519 0.11487144 0.80752503 0.93196013 0.34580007 -0.07507514 0.52108004 -0.30530962 -0.06316673 -0.83888681 0.40328122 0.20881974 0.30216442 0.57386831 0.10581914 0.01931641 -0.40831451
0.99594566 1.02650597 1.51476394 0.82512563 0.00000164 0.48263592 1.99034795 0.46362086 0.02371324 0.02028665 0.24286723 8.23235384 24916.18963135 18.39108522 0.01315190 74.46470628 0.03370466 -0.02246042 0.16542481 0.00421981 0.00264693 0.39757707 0.10526490 -0.29759798 0.11897766 0.46285000 0.27690356 -0.15279438 0.80410699 -0.52437045 0.40844398 0.98762337 0.92342351 0.14118980 0.25554519 0.11487144 0.80752503 0.93196013 0.34580007 -0.07507514 0.52108004 -0.30530962 -0.06316673 -0.83888681 0.40328122 0.20881974 0.30216442 0.57386831 0.10581914 0.01931641 -0.40831451
0.99594566 1.02650597 1.51476394 0.82512563 0.00000164 0.48263592 1.99034795 0.46362086 0.02371324 0.02028665 0.24286723 8.23235384 24916.18963135 18.39108522 0.01315190 74.46470628 0.03370466 -0.02246042 0.16542481 0.00421981 0.00264693 0.39757707 0.10526490 -0.29759798 0.11897766 0.46285000 0.27690356 -0.15279438 0.80410699 -0.52437045 0.40844398 0.98762337 0.92342351 0.14118980 0.25554519 0.11487144 0.80752503 0.93196013 0.34580007 -0.07507514 0.52108004 -0.30530962 -0.06316673 -0.83888681 0.40328122 0.20881974 0.30216442 0.57386831 0.10581914 0.01931641 -0.40831451
0.99594566 1.02650597 1.51476394 0.82512563 0.00000164 0.48263592 1.99034795 0.46362086 0.02371324 0.02028665 0.24286723 8.23235384 24916.18963135 18.39108522 0.01315190 74.46470628 0.03370466 -0.02246042 0.16542481 0.00421981 0.00264693 0.39757707 0.10526490 -0.29759798 0.11897766 0.46285000 0.27690356 -0.15279438 0.80410699 -0.52437045 0.40844398 0.98762337 0.92342351 0.14118980 0.25554519 0.11487144 0.80752503 0.93196013 0.34580007 -0.07507514 0.52108004 -0.30530962 -0.06316673 -0.83888681 0.40328122 0.20881974 0.30216442 0.57386831 0.10581914 0.01931641 -0.40831451
0.99594566 1.02650597 1.51476394 0.82512563 0.00000164 0.48263592 1.99034795 0.46362086 0.02371324 0.02028665 0.24286723 8.23235384 24916.18963135 18.39108522 0.01315190 74.46470628 0.03370466 -0.02246042 0.16542481 0.00421981 0.00264693 0.39757707 0.10526490 -0.29759798 0.11897766 0.46285000 0.27690356 -0.15279438 0.80410699 -0.52437045 0.40844398 0.98762337 0.92342351 0.14118980 0.25554519 0.11487144 0.80752503 0.93196013 0.34580007 -0.07507514 0.52108004 -0.30530962 -0.06316673 -0.83888681 0.40328122 0.20881974 0.30216442 0.57386831 0.10581914 0.01931641 -0.40831451
0.99594566 1.02650597 1.51476394 0.82512563 0.00000164 0.48263592 1.99034795 0.46362086 0.02371324 0.02028665 0.24286723 8.23235384 24916.18963135 18.39108522 0.01315190 74.46470628 0.03370466 -0.02246042 0.16542481 0.00421981 0.00264693 0.39757707 0.10526490 -0.29759798 0.11897766 0.46285000 0.27690356 -0.15279438 0.80410699 -0.52437045 0.40844398 0.98762337 0.92342351 0.14118980 0.25554519 0.11487144 0.80752503 0.93196013 0.34580007 -0.07507514 0.52108004 -0.30530962 -0.06316673 -0.83888681 0.40328122 0.20881974 0.30216442 0.57386831 0.10581914 0.01931641 -0.40831451
0.99594566 1.02650597 1.51476394 0.82512563 0.00000164 0.48263592 1.99034795 0.46362086 0.02371324 0.02028665 0.24286723 8.23235384 24916.18963135 18.39108522 0.01315190 74.46470628 0.03370466 -0.02246042 0.16542481 0.00421981 0.00264693 0.39757707 0.10526490 -0.29759798 0.11897766 0.46285000 0.27690356 -0.15279438 0.80410699 -0.52437045 0.40844398 0.98762337 0.92342351 0.14118980 0.25554519 0.11487144 0.80752503 0.93196013 0.34580007 -0.07507514 0.52108004 -0.30530962 -0.06316673 -0.83888681 0.40328122 0.20881974 0.30216442 0.57386831 0.10581914 0.01931641 -0.40831451
0.99594566 1.02650597 1.51476394 0.82512563 0.00000164 0.48263592 1.99034795 0.46362086 0.02371324 0.02028665 0.24286723 8.23235384 24916.18963135 18.39108522 0.01315190 74.46470628 0.03370466 -0.02246042 0.16542481 0.00421981 0.00264693 0.39757707 0.10526490 -0.29759798 0.11897766 0.46285000 0.27690356 -0.15279438 0.80410699 -0.52437045 0.40844398 0.98762337 0.92342351 0.14118980 0.25554519 0.11487144 0.80752503 0.93196013 0.34580007 -0.07507514 0.52108004 -0.30530962 -0.06316673 -0.83888681 0.40328122 0.20881974 0.30216442 0.57386831 0.10581914 0.01931641 -0.40831451
