0.00 0.00 -13210.04 -13325.26 1.00 1.00
1.00 0.00 -13210.04 -14322.49 1.00 1.00
2.00 1.00 -13144.46 -13144.46 493.26 13695.37
3.00 1.00 -13144.46 -13494.04 493.26 13695.37
4.00 2.00 -13007.61 -13007.61 508.82 13663.34
5.00 2.00 -13007.61 -13171.91 508.82 13663.34
6.00 2.00 -13007.61 -13107.77 508.82 13663.34
7.00 2.00 -13007.61 -13103.95 508.82 13663.34
8.00 2.00 -13007.61 -13792.17 508.82 13663.34
9.00 2.00 -13007.61 -13314.26 508.82 13663.34
10.00 3.00 -12937.32 -12937.32 486.73 13708.64
11.00 3.00 -12937.32 -13273.81 486.73 13708.64
12.00 3.00 -12937.32 -13020.51 486.73 13708.64
13.00 4.00 -12884.18 -12884.18 480.50 13704.18
