0.00 1.00 -18651.00 -18651.00 457.54 9987.85
1.00 1.00 -18651.00 -18695.68 457.54 9987.85
2.00 1.00 -18651.00 -19043.26 457.54 9987.85
3.00 1.00 -18651.00 -19653.99 457.54 9987.85
4.00 1.00 -18651.00 -19310.16 457.54 9987.85
5.00 1.00 -18651.00 -18702.84 457.54 9987.85
6.00 1.00 -18651.00 -18787.93 457.54 9987.85
7.00 1.00 -18651.00 -18861.08 457.54 9987.85
8.00 1.00 -18651.00 -19458.77 457.54 9987.85
9.00 1.00 -18651.00 -19499.64 457.54 9987.85
10.00 1.00 -18651.00 -18732.88 457.54 9987.85
11.00 1.00 -18651.00 -18868.74 457.54 9987.85
12.00 2.00 -18592.82 -18592.82 452.86 9993.33
13.00 3.00 -18523.77 -18523.77 450.09 10005.07
