0.00 1.00 -16161.50 -16161.50 452.00 11187.34
1.00 1.00 -16161.50 -16207.29 452.00 11187.34
2.00 1.00 -16161.50 -16222.00 452.00 11187.34
3.00 1.00 -16161.50 -16663.90 452.00 11187.34
4.00 1.00 -16161.50 -16219.33 452.00 11187.34
5.00 1.00 -16161.50 -16769.49 452.00 11187.34
6.00 1.00 -16161.50 -16327.30 452.00 11187.34
7.00 1.00 -16161.50 -16770.01 452.00 11187.34
8.00 2.00 -15975.91 -15975.91 449.53 11177.40
9.00 2.00 -15975.91 -16209.17 449.53 11177.40
10.00 2.00 -15975.91 -16587.90 449.53 11177.40
11.00 2.00 -15975.91 -16354.96 449.53 11177.40
12.00 2.00 -15975.91 -16109.33 449.53 11177.40
13.00 2.00 -15975.91 -16286.00 449.53 11177.40
