0.00 0.00 -20349.28 -20868.73 1.00 1.00
1.00 0.00 -20349.28 -20900.58 1.00 1.00
2.00 0.00 -20349.28 -20687.27 1.00 1.00
3.00 0.00 -20349.28 -20403.39 1.00 1.00
4.00 1.00 -20311.27 -20311.27 481.62 8178.49
5.00 2.00 -20097.41 -20097.41 491.01 8145.04
6.00 2.00 -20097.41 -20174.21 491.01 8145.04
7.00 3.00 -19779.39 -19779.39 464.43 8255.54
8.00 3.00 -19779.39 -20580.93 464.43 8255.54
9.00 3.00 -19779.39 -20545.29 464.43 8255.54
10.00 3.00 -19779.39 -20635.64 464.43 8255.54
11.00 3.00 -19779.39 -20519.37 464.43 8255.54
12.00 4.00 -19714.85 -19714.85 482.64 8214.54
13.00 5.00 -19345.96 -19345.96 473.01 8240.64
