0.00 0.00 -16751.40 -17651.09 1.00 1.00
1.00 1.00 -16611.93 -16611.93 446.81 12737.67
2.00 1.00 -16611.93 -16668.25 446.81 12737.67
3.00 1.00 -16611.93 -17616.36 446.81 12737.67
4.00 2.00 -16277.17 -16277.17 451.91 12716.36
5.00 2.00 -16277.17 -16602.09 451.91 12716.36
6.00 2.00 -16277.17 -16396.79 451.91 12716.36
7.00 2.00 -16277.17 -16705.18 451.91 12716.36
8.00 2.00 -16277.17 -16658.40 451.91 12716.36
9.00 2.00 -16277.17 -16455.50 451.91 12716.36
10.00 2.00 -16277.17 -17727.86 451.91 12716.36
11.00 2.00 -16277.17 -17246.23 451.91 12716.36
12.00 2.00 -16277.17 -16447.40 451.91 12716.36
13.00 2.00 -16277.17 -16706.92 451.91 12716.36
