0.00 0.00 -21933.61 -22456.90 1.00 1.00
1.00 1.00 -21561.14 -21561.14 481.43 2934.26
2.00 2.00 -21102.08 -21102.08 485.77 2927.39
3.00 2.00 -21102.08 -22164.00 485.77 2927.39
4.00 2.00 -21102.08 -21304.61 485.77 2927.39
5.00 2.00 -21102.08 -21640.16 485.77 2927.39
6.00 3.00 -21014.10 -21014.10 496.80 2938.12
7.00 3.00 -21014.10 -21042.80 496.80 2938.12
8.00 3.00 -21014.10 -21690.57 496.80 2938.12
9.00 3.00 -21014.10 -21971.51 496.80 2938.12
10.00 3.00 -21014.10 -21692.18 496.80 2938.12
11.00 3.00 -21014.10 -22347.38 496.80 2938.12
12.00 3.00 -21014.10 -21803.18 496.80 2938.12
13.00 3.00 -21014.10 -21234.42 496.80 2938.12
