0.22 0.09 0.16 0.14 0.13 0.07 0.07 0.09 0.07 0.10 0.07 0.07
0.22 0.10 0.16 0.14 0.12 0.07 0.07 0.09 0.06 0.10 0.07 0.07
0.22 0.10 0.16 0.14 0.13 0.07 0.07 0.09 0.07 0.10 0.07 0.07
0.22 0.09 0.16 0.14 0.13 0.07 0.07 0.09 0.06 0.09 0.06 0.06
0.22 0.09 0.16 0.14 0.12 0.07 0.07 0.09 0.06 0.10 0.07 0.07
0.22 0.10 0.16 0.14 0.12 0.07 0.07 0.09 0.06 0.10 0.07 0.07
0.22 0.10 0.16 0.14 0.13 0.07 0.07 0.09 0.07 0.10 0.07 0.07
0.22 0.09 0.16 0.14 0.13 0.07 0.07 0.09 0.06 0.10 0.06 0.06
0.22 0.09 0.16 0.14 0.12 0.07 0.07 0.09 0.06 0.10 0.07 0.07
0.22 0.10 0.16 0.14 0.12 0.07 0.07 0.09 0.06 0.10 0.06 0.06
0.22 0.09 0.16 0.14 0.12 0.07 0.07 0.09 0.06 0.10 0.06 0.06
0.22 0.10 0.16 0.14 0.12 0.07 0.07 0.09 0.06 0.10 0.07 0.07
0.22 0.09 0.16 0.14 0.13 0.07 0.07 0.09 0.06 0.09 0.06 0.06
0.22 0.10 0.16 0.14 0.12 0.07 0.07 0.09 0.06 0.10 0.07 0.07
0.22 0.09 0.16 0.14 0.13 0.07 0.07 0.09 0.06 0.10 0.06 0.07
0.22 0.10 0.16 0.14 0.12 0.07 0.07 0.09 0.06 0.10 0.06 0.07
0.22 0.09 0.16 0.14 0.12 0.07 0.07 0.09 0.06 0.10 0.07 0.06
0.22 0.09 0.16 0.14 0.12 0.07 0.07 0.09 0.06 0.09 0.06 0.06
0.22 0.09 0.16 0.14 0.12 0.07 0.07 0.09 0.06 0.09 0.06 0.07
0.22 0.09 0.16 0.14 0.12 0.07 0.07 0.09 0.06 0.10 0.07 0.07
0.22 0.09 0.16 0.14 0.13 0.07 0.07 0.09 0.06 0.09 0.06 0.07
0.22 0.09 0.16 0.14 0.13 0.07 0.07 0.09 0.07 0.10 0.07 0.07
0.22 0.09 0.16 0.14 0.12 0.07 0.07 0.09 0.06 0.10 0.06 0.07
0.22 0.09 0.16 0.14 0.13 0.07 0.07 0.09 0.07 0.10 0.07 0.07
0.22 0.10 0.16 0.14 0.13 0.07 0.07 0.09 0.06 0.10 0.06 0.07
0.22 0.09 0.16 0.14 0.12 0.07 0.07 0.09 0.06 0.09 0.07 0.07
0.22 0.10 0.16 0.14 0.13 0.07 0.07 0.09 0.06 0.09 0.06 0.06
0.22 0.09 0.16 0.14 0.12 0.07 0.07 0.09 0.06 0.10 0.07 0.07
0.22 0.10 0.16 0.14 0.13 0.07 0.07 0.09 0.06 0.09 0.06 0.06
0.22 0.10 0.16 0.14 0.13 0.07 0.07 0.09 0.06 0.09 0.06 0.06
0.22 0.10 0.16 0.14 0.12 0.07 0.07 0.09 0.06 0.10 0.07 0.07
0.22 0.10 0.16 0.14 0.12 0.07 0.07 0.09 0.06 0.10 0.07 0.07
0.22 0.09 0.16 0.14 0.12 0.07 0.07 0.09 0.06 0.09 0.06 0.07
0.22 0.09 0.16 0.14 0.12 0.07 0.07 0.09 0.06 0.09 0.06 0.07
0.22 0.10 0.16 0.14 0.12 0.07 0.07 0.09 0.06 0.10 0.06 0.07
0.22 0.10 0.16 0.14 0.13 0.07 0.07 0.09 0.06 0.09 0.06 0.06
0.22 0.09 0.16 0.14 0.13 0.07 0.07 0.09 0.06 0.09 0.06 0.06
0.22 0.09 0.16 0.14 0.12 0.07 0.07 0.09 0.06 0.09 0.06 0.07
0.22 0.09 0.16 0.14 0.13 0.07 0.07 0.09 0.06 0.09 0.06 0.06
0.22 0.09 0.16 0.14 0.13 0.07 0.07 0.09 0.06 0.09 0.06 0.06
0.22 0.09 0.16 0.14 0.12 0.07 0.07 0.09 0.06 0.10 0.06 0.07
0.22 0.09 0.16 0.14 0.12 0.07 0.07 0.09 0.06 0.09 0.06 0.06
0.22 0.09 0.16 0.14 0.12 0.07 0.07 0.09 0.06 0.10 0.06 0.06
0.22 0.10 0.16 0.14 0.13 0.07 0.07 0.09 0.06 0.10 0.06 0.07
0.22 0.09 0.16 0.14 0.13 0.07 0.07 0.09 0.06 0.09 0.06 0.06
0.22 0.10 0.16 0.14 0.12 0.07 0.07 0.09 0.06 0.10 0.07 0.07
0.22 0.09 0.16 0.14 0.12 0.07 0.07 0.09 0.06 0.10 0.07 0.07
0.22 0.09 0.16 0.14 0.13 0.07 0.07 0.09 0.06 0.10 0.07 0.07
0.22 0.10 0.16 0.14 0.13 0.07 0.07 0.09 0.06 0.09 0.06 0.06
0.22 0.09 0.16 0.14 0.12 0.07 0.07 0.09 0.06 0.09 0.06 0.07
0.22 0.10 0.16 0.14 0.12 0.07 0.07 0.09 0.06 0.10 0.07 0.07
0.22 0.10 0.16 0.14 0.13 0.07 0.07 0.09 0.06 0.10 0.06 0.07
0.22 0.10 0.16 0.14 0.13 0.07 0.07 0.09 0.06 0.10 0.06 0.06
0.22 0.09 0.16 0.14 0.12 0.07 0.07 0.09 0.06 0.10 0.06 0.06
0.22 0.09 0.16 0.14 0.12 0.07 0.07 0.09 0.06 0.10 0.07 0.07
0.22 0.09 0.16 0.14 0.13 0.07 0.07 0.09 0.06 0.09 0.06 0.07
0.22 0.09 0.16 0.14 0.12 0.07 0.07 0.09 0.06 0.10 0.06 0.06
0.22 0.09 0.16 0.14 0.13 0.07 0.07 0.09 0.06 0.09 0.06 0.06
0.22 0.09 0.16 0.14 0.12 0.07 0.07 0.09 0.06 0.10 0.06 0.07
0.22 0.10 0.16 0.14 0.13 0.07 0.07 0.09 0.07 0.10 0.07 0.07
0.22 0.10 0.16 0.14 0.13 0.07 0.07 0.09 0.06 0.09 0.06 0.06
0.22 0.09 0.16 0.14 0.12 0.07 0.07 0.09 0.06 0.10 0.06 0.07
0.22 0.10 0.16 0.14 0.13 0.07 0.07 0.09 0.07 0.10 0.07 0.07
0.22 0.09 0.16 0.14 0.12 0.07 0.07 0.09 0.06 0.09 0.07 0.07
