
samples_per_chain:,66
burnin:,0.1
num params:,425
initial_proposed_vec:,[ 6.46358097e-01  1.70526311e+00  1.11215423e+00  1.34760993e+00
  1.74581107e-06  4.69303567e-01  8.38282777e-01  9.07903297e-02
  2.85788612e-02  4.24664522e-02  2.97485695e-01  7.99414747e+00
  1.50583270e+04  1.37348457e+01  4.53690846e-02  1.54985580e-01
  1.50659168e-01  6.00032934e-02  2.58158123e-01 -2.58448234e-01
  2.80734127e-01 -3.60730769e-01  8.45274226e-02 -2.15856440e-01
  3.12682060e-01 -1.87558709e-01  6.94333290e-01 -7.25417517e-01
 -6.80039884e-01 -5.27728034e-01  5.06902395e-02 -8.02323091e-01
 -5.85993543e-01 -9.23450680e-01 -7.64595649e-01  9.90460342e-01
 -6.21255539e-01 -6.76077386e-02  5.73436004e-01 -7.68497468e-01
 -4.22852763e-01  4.11255252e-01 -4.23046110e-01 -7.30060872e-01
  3.11044140e-01 -5.57683894e-01 -6.22457732e-01  1.35639647e-01
 -7.60246797e-01  1.71880313e-01  3.42273896e-01  9.95434496e-01
 -8.98563636e-01  7.57942106e-01 -4.37944394e-02 -5.52432631e-01
  7.65784788e-02 -1.26179105e-01 -9.34577458e-01  8.84571233e-01
 -5.11954087e-01 -9.33046978e-01  3.89964451e-01  7.01583332e-01
  5.82217073e-01  5.51553311e-01  2.20857274e-01  6.86789266e-01
 -2.41340947e-01  7.47041141e-01  4.28414597e-01  6.00096001e-01
  1.56774851e-01 -8.11743364e-01 -9.78213997e-01  8.47421249e-03
 -2.54040174e-01 -2.12758572e-01 -4.68912466e-01  1.37857533e-01
 -5.74460672e-01 -4.70875257e-01  4.99434329e-01 -3.42349988e-01
 -7.12045323e-01 -2.64095641e-01 -4.55235850e-01  6.56707884e-03
  4.35188283e-01 -3.36450669e-01 -7.67672564e-01 -1.56900720e-01
 -1.18690488e-01 -2.76438274e-01  1.82141815e-01 -9.54459018e-03
 -9.33370449e-02  7.50950750e-01  2.23673878e-01 -5.75184879e-01
 -9.03060264e-01  5.19010881e-01 -5.32043315e-01 -6.34124777e-01
 -1.28440454e-01 -4.09092792e-01 -2.05241748e-01 -1.35710688e-01
  5.76500203e-02  3.78612226e-01 -5.69830353e-02 -6.50715725e-01
  8.18306873e-01 -8.35238603e-01  2.35569467e-01  6.35685104e-01
 -6.93444002e-01 -8.40947489e-01  1.58348952e-01  8.90070523e-01
 -2.91733885e-02  6.44924110e-01 -6.84680007e-01  8.43457519e-01
 -7.52390753e-01  6.43897556e-01 -2.28633127e-01 -5.65147396e-01
  2.16356179e-01 -3.21242022e-01  2.84135925e-01 -9.01561424e-01
 -2.17863320e-01  2.40095589e-01 -9.34475528e-02  2.24199547e-01
  4.76999321e-01  8.41619542e-01 -6.38496394e-01  2.33745427e-01
  9.02104850e-02 -6.10808902e-01 -6.37341469e-01  3.10310733e-01
 -5.64289991e-01  2.97709918e-01  7.39217955e-01  6.14020552e-01
 -7.87334082e-01  4.97056080e-01  9.92353430e-01 -4.82506911e-02
 -1.04646310e-01 -7.86446924e-01 -9.57484526e-01 -9.71818329e-01
  4.99463335e-01  6.24566876e-01 -6.07184251e-01 -2.42220694e-02
  8.96494476e-01 -9.77192054e-01 -1.26470138e-01 -6.46160718e-01
  6.24097474e-01  6.02434126e-01  1.80553901e-01 -8.38729694e-01
  8.85537236e-02 -7.91885018e-01 -3.58526692e-01 -5.37441711e-01
 -1.63580845e-01  2.84979843e-01  7.46760043e-01  9.44989974e-01
  8.34105049e-01  6.59527656e-01 -1.82763110e-01  2.78640109e-01
 -8.16983413e-01 -9.85182766e-01 -3.22409245e-02 -5.50631732e-01
 -8.79791066e-01 -4.21372715e-01  3.62990055e-01 -4.74542259e-01
 -1.39566573e-02  9.20658638e-01  2.30544836e-01  6.17632360e-01
  5.06692667e-01 -5.37866762e-01  8.31411042e-02  5.69939664e-01
  8.40375482e-01  1.52793233e-01 -7.94491729e-01  9.28397158e-01
 -2.80608965e-01  2.46603615e-01  6.33905033e-01 -8.29106671e-01
  6.03993266e-01  7.42880676e-01 -5.56082051e-01  6.06656206e-01
 -4.60222157e-01  8.28074036e-01 -8.82254479e-01 -9.76819229e-01
  8.54124735e-01 -5.33923803e-01  5.87727399e-01 -4.33208175e-01
  4.87057474e-01 -8.67033907e-01  4.59502491e-01  8.32014539e-01
 -7.36421944e-01  1.28044517e-01  4.84465995e-01  5.06045988e-01
 -5.00600235e-01 -6.97388017e-01 -4.74833983e-01 -1.28157747e-01
 -2.72877302e-01 -7.27083351e-01 -9.61242504e-01  9.42779799e-01
  5.65887377e-01 -8.19113592e-01 -1.06209198e-01 -8.35727213e-01
  2.31671811e-01 -3.85687672e-01  2.34164509e-01  4.08629701e-01
  2.90454777e-01  2.84818732e-01  1.55693689e-02 -8.24227204e-01
 -2.34251799e-01 -7.88726501e-01 -1.51199155e-01 -7.86371141e-01
 -5.48812457e-01 -8.34968926e-01  6.39851888e-01 -3.42016449e-01
 -6.04900144e-01 -5.72205185e-01  4.10078973e-02  3.10398998e-02
 -9.93107843e-01  8.51642206e-01 -7.87937851e-01  6.89548703e-01
 -4.82216009e-01 -6.81934231e-01 -7.30593081e-01  1.64831184e-02
 -6.62464920e-01 -2.25026770e-01  9.68157874e-01 -6.78029462e-02
  8.01740795e-01 -9.36294684e-01  1.87536760e-01  3.12675052e-01
  1.79187650e-01  7.50594079e-01  2.51611045e-02  9.74570645e-01
  7.75356777e-01  2.36364685e-01  1.60881741e-01  8.99798860e-01
  8.41727111e-01  4.32085326e-01  1.95686872e-01 -1.10790644e-01
  1.71854444e-01  5.87003062e-01  2.05395667e-01 -8.62638910e-01
  7.32946433e-02  2.50687040e-01 -3.60239677e-01  1.85403220e-02
  9.72760889e-01 -6.31154755e-01  8.17182359e-01 -4.90312495e-01
  3.56617448e-01  1.47320301e-01  5.28061528e-01  2.79757963e-01
 -2.68461727e-01 -2.59263747e-01 -3.76081262e-01 -9.50508492e-01
  7.53477183e-01  8.19282944e-01 -9.95676721e-01 -9.75826994e-01
 -3.18793833e-01 -5.86898289e-01  6.33077244e-01 -6.03496959e-01
  1.51672928e-03 -5.20290274e-02  1.13181628e-02  5.20969350e-01
  2.01574465e-01  6.41711162e-01  3.08939005e-01 -8.54314783e-03
  2.52723055e-01 -3.52338589e-02 -3.43368893e-01 -6.93574675e-01
 -3.15868122e-01 -7.80172269e-01  7.44553771e-01  9.19530804e-01
 -5.93726100e-01 -8.08845972e-02 -6.40020508e-02 -1.03253256e-02
  4.74538587e-01 -7.61985258e-01  5.91935206e-01  3.46463663e-02
  2.18756152e-02 -8.11045928e-01  3.09664381e-01 -5.94848608e-01
  1.65610167e-01  1.44537135e-01 -5.82947293e-01 -1.72269104e-01
 -9.49890163e-01  1.09398371e-01 -1.58921989e-01  2.84481398e-01
  3.89204728e-01  4.71435420e-01  3.67263753e-01 -1.75564997e-02
  3.24093757e-01  3.65552333e-01 -8.20039391e-01  9.72325151e-01
 -4.75977394e-01 -2.55384099e-01 -8.72243766e-01  8.51568618e-01
  3.87881576e-02 -3.86381266e-01  9.98804335e-02  4.83689222e-01
  6.38586254e-02 -3.29092728e-01  1.85476806e-01 -5.60823312e-01
  4.95071069e-01 -4.03918332e-04  2.97494475e-01  8.31457238e-01
 -8.02492278e-01  2.76192643e-03 -9.14302427e-01  1.38117425e-01
  1.10070026e-01  3.41883052e-01 -1.83590709e-01 -6.85170842e-01
  8.03132500e-01 -1.00742426e-01  8.46612141e-01 -5.54754836e-01
 -5.81005867e-01 -4.93737317e-01  5.36096645e-01 -9.45487569e-01
 -8.55626425e-01 -5.67094804e-01  8.88981259e-01  1.81054898e-01
 -6.19289248e-01 -7.06755598e-01 -6.59625163e-01 -7.08750746e-01
 -6.65899064e-01  6.27166233e-01 -3.30837709e-01  9.43818016e-02
 -8.53286153e-01  4.88474339e-01 -2.98316504e-01  6.18457691e-01
 -3.92273325e-01 -4.71808512e-01 -1.72604986e-01  4.17136855e-01
 -3.11500172e-01 -8.92644948e-01 -1.62213076e-01  1.02202600e-01
  1.72608376e-01 -4.13248052e-01 -4.82553885e-01  2.24864822e-01
  5.10517473e-01  6.20573430e-01 -4.36182160e-02 -6.63399682e-01
 -6.25521706e-01  6.72255219e-01  2.71538862e-01 -1.97899281e-01
 -5.09319854e-01]
stepsize_vec:,[1.5000e-01 1.5000e-01 1.5000e-01 1.5000e-01 4.5000e-07 1.0000e-01
 2.0000e-01 5.0000e-02 5.0000e-03 5.0000e-03 1.0000e-01 2.0000e+00
 2.0001e+03 1.6000e+00 2.0000e-02 4.0000e-02 4.0000e-02 6.0000e-02
 6.0000e-02 8.0000e-02 8.0000e-02 9.0000e-02 9.0000e-02 1.0000e-01
 1.0000e-01 2.0000e-01 2.0000e-01 2.0000e-01 2.0000e-01 2.0000e-01
 2.0000e-01 2.0000e-01 2.0000e-01 2.0000e-01 2.0000e-01 2.0000e-01
 2.0000e-01 2.0000e-01 2.0000e-01 2.0000e-01 2.0000e-01 2.0000e-01
 2.0000e-01 2.0000e-01 2.0000e-01 2.0000e-01 2.0000e-01 2.0000e-01
 2.0000e-01 2.0000e-01 2.0000e-01 2.0000e-01 2.0000e-01 2.0000e-01
 2.0000e-01 2.0000e-01 2.0000e-01 2.0000e-01 2.0000e-01 2.0000e-01
 2.0000e-01 2.0000e-01 2.0000e-01 2.0000e-01 2.0000e-01 2.0000e-01
 2.0000e-01 2.0000e-01 2.0000e-01 2.0000e-01 2.0000e-01 2.0000e-01
 2.0000e-01 2.0000e-01 2.0000e-01 2.0000e-01 2.0000e-01 2.0000e-01
 2.0000e-01 2.0000e-01 2.0000e-01 2.0000e-01 2.0000e-01 2.0000e-01
 2.0000e-01 2.0000e-01 2.0000e-01 2.0000e-01 2.0000e-01 2.0000e-01
 2.0000e-01 2.0000e-01 2.0000e-01 2.0000e-01 2.0000e-01 2.0000e-01
 2.0000e-01 2.0000e-01 2.0000e-01 2.0000e-01 2.0000e-01 2.0000e-01
 2.0000e-01 2.0000e-01 2.0000e-01 2.0000e-01 2.0000e-01 2.0000e-01
 2.0000e-01 2.0000e-01 2.0000e-01 2.0000e-01 2.0000e-01 2.0000e-01
 2.0000e-01 2.0000e-01 2.0000e-01 2.0000e-01 2.0000e-01 2.0000e-01
 2.0000e-01 2.0000e-01 2.0000e-01 2.0000e-01 2.0000e-01 2.0000e-01
 2.0000e-01 2.0000e-01 2.0000e-01 2.0000e-01 2.0000e-01 2.0000e-01
 2.0000e-01 2.0000e-01 2.0000e-01 2.0000e-01 2.0000e-01 2.0000e-01
 2.0000e-01 2.0000e-01 2.0000e-01 2.0000e-01 2.0000e-01 2.0000e-01
 2.0000e-01 2.0000e-01 2.0000e-01 2.0000e-01 2.0000e-01 2.0000e-01
 2.0000e-01 2.0000e-01 2.0000e-01 2.0000e-01 2.0000e-01 2.0000e-01
 2.0000e-01 2.0000e-01 2.0000e-01 2.0000e-01 2.0000e-01 2.0000e-01
 2.0000e-01 2.0000e-01 2.0000e-01 2.0000e-01 2.0000e-01 2.0000e-01
 2.0000e-01 2.0000e-01 2.0000e-01 2.0000e-01 2.0000e-01 2.0000e-01
 2.0000e-01 2.0000e-01 2.0000e-01 2.0000e-01 2.0000e-01 2.0000e-01
 2.0000e-01 2.0000e-01 2.0000e-01 2.0000e-01 2.0000e-01 2.0000e-01
 2.0000e-01 2.0000e-01 2.0000e-01 2.0000e-01 2.0000e-01 2.0000e-01
 2.0000e-01 2.0000e-01 2.0000e-01 2.0000e-01 2.0000e-01 2.0000e-01
 2.0000e-01 2.0000e-01 2.0000e-01 2.0000e-01 2.0000e-01 2.0000e-01
 2.0000e-01 2.0000e-01 2.0000e-01 2.0000e-01 2.0000e-01 2.0000e-01
 2.0000e-01 2.0000e-01 2.0000e-01 2.0000e-01 2.0000e-01 2.0000e-01
 2.0000e-01 2.0000e-01 2.0000e-01 2.0000e-01 2.0000e-01 2.0000e-01
 2.0000e-01 2.0000e-01 2.0000e-01 2.0000e-01 2.0000e-01 2.0000e-01
 2.0000e-01 2.0000e-01 2.0000e-01 2.0000e-01 2.0000e-01 2.0000e-01
 2.0000e-01 2.0000e-01 2.0000e-01 2.0000e-01 2.0000e-01 2.0000e-01
 2.0000e-01 2.0000e-01 2.0000e-01 2.0000e-01 2.0000e-01 2.0000e-01
 2.0000e-01 2.0000e-01 2.0000e-01 2.0000e-01 2.0000e-01 2.0000e-01
 2.0000e-01 2.0000e-01 2.0000e-01 2.0000e-01 2.0000e-01 2.0000e-01
 2.0000e-01 2.0000e-01 2.0000e-01 2.0000e-01 2.0000e-01 2.0000e-01
 2.0000e-01 2.0000e-01 2.0000e-01 2.0000e-01 2.0000e-01 2.0000e-01
 2.0000e-01 2.0000e-01 2.0000e-01 2.0000e-01 2.0000e-01 2.0000e-01
 2.0000e-01 2.0000e-01 2.0000e-01 2.0000e-01 2.0000e-01 2.0000e-01
 2.0000e-01 2.0000e-01 2.0000e-01 2.0000e-01 2.0000e-01 2.0000e-01
 2.0000e-01 2.0000e-01 2.0000e-01 2.0000e-01 2.0000e-01 2.0000e-01
 2.0000e-01 2.0000e-01 2.0000e-01 2.0000e-01 2.0000e-01 2.0000e-01
 2.0000e-01 2.0000e-01 2.0000e-01 2.0000e-01 2.0000e-01 2.0000e-01
 2.0000e-01 2.0000e-01 2.0000e-01 2.0000e-01 2.0000e-01 2.0000e-01
 2.0000e-01 2.0000e-01 2.0000e-01 2.0000e-01 2.0000e-01 2.0000e-01
 2.0000e-01 2.0000e-01 2.0000e-01 2.0000e-01 2.0000e-01 2.0000e-01
 2.0000e-01 2.0000e-01 2.0000e-01 2.0000e-01 2.0000e-01 2.0000e-01
 2.0000e-01 2.0000e-01 2.0000e-01 2.0000e-01 2.0000e-01 2.0000e-01
 2.0000e-01 2.0000e-01 2.0000e-01 2.0000e-01 2.0000e-01 2.0000e-01
 2.0000e-01 2.0000e-01 2.0000e-01 2.0000e-01 2.0000e-01 2.0000e-01
 2.0000e-01 2.0000e-01 2.0000e-01 2.0000e-01 2.0000e-01 2.0000e-01
 2.0000e-01 2.0000e-01 2.0000e-01 2.0000e-01 2.0000e-01 2.0000e-01
 2.0000e-01 2.0000e-01 2.0000e-01 2.0000e-01 2.0000e-01 2.0000e-01
 2.0000e-01 2.0000e-01 2.0000e-01 2.0000e-01 2.0000e-01 2.0000e-01
 2.0000e-01 2.0000e-01 2.0000e-01 2.0000e-01 2.0000e-01 2.0000e-01
 2.0000e-01 2.0000e-01 2.0000e-01 2.0000e-01 2.0000e-01 2.0000e-01
 2.0000e-01 2.0000e-01 2.0000e-01 2.0000e-01 2.0000e-01 2.0000e-01
 2.0000e-01 2.0000e-01 2.0000e-01 2.0000e-01 2.0000e-01 2.0000e-01
 2.0000e-01 2.0000e-01 2.0000e-01 2.0000e-01 2.0000e-01 2.0000e-01
 2.0000e-01 2.0000e-01 2.0000e-01 2.0000e-01 2.0000e-01 2.0000e-01
 2.0000e-01 2.0000e-01 2.0000e-01 2.0000e-01 2.0000e-01 2.0000e-01
 2.0000e-01 2.0000e-01 2.0000e-01 2.0000e-01 2.0000e-01 2.0000e-01
 2.0000e-01 2.0000e-01 2.0000e-01 2.0000e-01 2.0000e-01]
step_ratio_vec:,[0.1 0.1 0.1 0.1 0.1 0.1 0.1 0.1 0.1 0.1 0.1 0.1 0.1 0.1 0.1 0.1 0.1 0.1
 0.1 0.1 0.1 0.1 0.1 0.1 0.1 0.1 0.1 0.1 0.1 0.1 0.1 0.1 0.1 0.1 0.1 0.1
 0.1 0.1 0.1 0.1 0.1 0.1 0.1 0.1 0.1 0.1 0.1 0.1 0.1 0.1 0.1 0.1 0.1 0.1
 0.1 0.1 0.1 0.1 0.1 0.1 0.1 0.1 0.1 0.1 0.1 0.1 0.1 0.1 0.1 0.1 0.1 0.1
 0.1 0.1 0.1 0.1 0.1 0.1 0.1 0.1 0.1 0.1 0.1 0.1 0.1 0.1 0.1 0.1 0.1 0.1
 0.1 0.1 0.1 0.1 0.1 0.1 0.1 0.1 0.1 0.1 0.1 0.1 0.1 0.1 0.1 0.1 0.1 0.1
 0.1 0.1 0.1 0.1 0.1 0.1 0.1 0.1 0.1 0.1 0.1 0.1 0.1 0.1 0.1 0.1 0.1 0.1
 0.1 0.1 0.1 0.1 0.1 0.1 0.1 0.1 0.1 0.1 0.1 0.1 0.1 0.1 0.1 0.1 0.1 0.1
 0.1 0.1 0.1 0.1 0.1 0.1 0.1 0.1 0.1 0.1 0.1 0.1 0.1 0.1 0.1 0.1 0.1 0.1
 0.1 0.1 0.1 0.1 0.1 0.1 0.1 0.1 0.1 0.1 0.1 0.1 0.1 0.1 0.1 0.1 0.1 0.1
 0.1 0.1 0.1 0.1 0.1 0.1 0.1 0.1 0.1 0.1 0.1 0.1 0.1 0.1 0.1 0.1 0.1 0.1
 0.1 0.1 0.1 0.1 0.1 0.1 0.1 0.1 0.1 0.1 0.1 0.1 0.1 0.1 0.1 0.1 0.1 0.1
 0.1 0.1 0.1 0.1 0.1 0.1 0.1 0.1 0.1 0.1 0.1 0.1 0.1 0.1 0.1 0.1 0.1 0.1
 0.1 0.1 0.1 0.1 0.1 0.1 0.1 0.1 0.1 0.1 0.1 0.1 0.1 0.1 0.1 0.1 0.1 0.1
 0.1 0.1 0.1 0.1 0.1 0.1 0.1 0.1 0.1 0.1 0.1 0.1 0.1 0.1 0.1 0.1 0.1 0.1
 0.1 0.1 0.1 0.1 0.1 0.1 0.1 0.1 0.1 0.1 0.1 0.1 0.1 0.1 0.1 0.1 0.1 0.1
 0.1 0.1 0.1 0.1 0.1 0.1 0.1 0.1 0.1 0.1 0.1 0.1 0.1 0.1 0.1 0.1 0.1 0.1
 0.1 0.1 0.1 0.1 0.1 0.1 0.1 0.1 0.1 0.1 0.1 0.1 0.1 0.1 0.1 0.1 0.1 0.1
 0.1 0.1 0.1 0.1 0.1 0.1 0.1 0.1 0.1 0.1 0.1 0.1 0.1 0.1 0.1 0.1 0.1 0.1
 0.1 0.1 0.1 0.1 0.1 0.1 0.1 0.1 0.1 0.1 0.1 0.1 0.1 0.1 0.1 0.1 0.1 0.1
 0.1 0.1 0.1 0.1 0.1 0.1 0.1 0.1 0.1 0.1 0.1 0.1 0.1 0.1 0.1 0.1 0.1 0.1
 0.1 0.1 0.1 0.1 0.1 0.1 0.1 0.1 0.1 0.1 0.1 0.1 0.1 0.1 0.1 0.1 0.1 0.1
 0.1 0.1 0.1 0.1 0.1 0.1 0.1 0.1 0.1 0.1 0.1 0.1 0.1 0.1 0.1 0.1 0.1 0.1
 0.1 0.1 0.1 0.1 0.1 0.1 0.1 0.1 0.1 0.1 0.1]
swap interval:,2
sim interval:,[-1.49e+08 -1.40e+08 -1.25e+08 -1.15e+08 -1.00e+08 -7.50e+07 -5.00e+07
 -4.00e+07 -3.00e+07 -2.50e+07 -5.00e+06  0.00e+00]
likelihood_sed (T/F):,True
erodep_coords,elev_coords:,[[42 94]
 [42 95]
 [42 96]
 ...
 [96 78]
 [96 79]
 [96 80]]
sed scaling factor:,1
samples_per_chain:,66
burnin:,0.1
num params:,425
initial_proposed_vec:,[ 9.34378994e-01  1.19720831e+00  1.33515131e+00  1.35782758e+00
  3.34704594e-06  7.25403812e-01  1.02401504e+00  2.68855313e-01
  2.72168414e-03  1.95678847e-02  6.69115853e-01  2.91396434e+00
  6.29690979e+03  4.94620930e+00  1.27921260e-01 -1.22141370e-01
  3.34821642e-02  4.32720637e-02 -1.73999220e-02 -1.42598891e-01
  1.26961044e-01  3.16575082e-01  7.15015859e-02  3.80221170e-01
 -3.59682431e-02  3.64659070e-01  9.74762401e-02  5.52285139e-01
 -8.76431492e-02 -2.50145420e-01 -5.78464603e-01  5.33278218e-01
 -3.06237472e-01  4.56666211e-01  2.97311523e-01 -3.99644314e-02
 -6.43265097e-01 -8.85516885e-01 -6.00250676e-01  1.71305840e-01
  6.73204028e-01 -4.18494913e-01 -7.39030258e-01 -1.43121515e-01
  1.88364489e-01  3.54369032e-02  5.56877332e-01 -4.25974744e-01
  4.25065398e-01  2.19195462e-01 -7.52910304e-01  3.78646630e-01
  7.48036443e-01  3.56727536e-01  9.89600829e-01 -2.99524341e-01
  2.00641972e-01 -4.81526844e-01  3.20841535e-01  8.27527314e-01
  4.84503019e-01 -9.96716655e-01 -5.16573476e-01 -6.59242626e-01
 -1.64279635e-01  6.19802830e-01 -4.71416518e-01 -3.29383283e-01
  4.72335035e-01 -8.19199541e-02  1.88191964e-01 -8.36104110e-01
  3.34656534e-02 -6.13753867e-01  8.57307146e-02 -7.98297610e-01
 -7.07266574e-01 -8.63091761e-01  6.20877935e-01  2.62293051e-01
 -1.62177325e-01 -4.26623955e-01  8.56922409e-01 -9.40899914e-01
 -3.76149545e-01  7.74675105e-01  7.09894604e-01  3.37863582e-01
 -8.51466587e-02 -4.69484392e-01 -6.13549987e-01  7.49735564e-01
 -7.09766758e-01 -3.57932061e-01  1.55878854e-01 -5.43264221e-01
  3.24209320e-01 -2.97099538e-01  3.45635969e-02  2.58734495e-01
  3.87965594e-01 -3.94395280e-02  9.59385684e-01 -9.63777001e-01
  3.77509989e-01  3.46143703e-02 -2.57293066e-01 -7.07830932e-02
  5.74695256e-01  8.99589397e-01 -9.36496171e-01 -2.45045044e-01
  2.46403358e-02 -2.62770543e-02 -9.61053641e-01 -8.83873364e-01
 -2.98481545e-01 -9.27732545e-01  9.56259326e-01 -7.93337263e-01
 -1.08104127e-01 -9.74077540e-01  9.49147670e-01 -6.57153241e-01
 -1.90001571e-01  1.54909251e-01  3.39230632e-01  4.00224984e-01
  5.02262447e-01  4.46479009e-01  6.65849096e-02 -3.44630159e-01
  6.59941205e-02  2.50966620e-01 -4.08505581e-01  3.99142401e-01
  9.98843208e-01  8.96960954e-02  7.68948994e-01  6.20401244e-01
  7.98834193e-01 -9.40926965e-01 -4.75406375e-02  4.56903993e-01
 -9.14449811e-01 -5.56605420e-01  7.32293289e-01 -5.16754850e-01
 -9.70059690e-01  7.15597585e-01 -6.28558330e-01  1.63005432e-01
 -6.93782094e-01  8.57027810e-01 -1.70620415e-01 -6.18918367e-02
 -5.88671902e-01  9.65532269e-01 -7.65434988e-01 -7.29271164e-02
 -2.02411088e-01  1.12221672e-01 -1.75682182e-01  6.77364206e-01
 -1.71218015e-01 -2.03426846e-01 -4.26218053e-01 -2.78107009e-01
 -4.42625570e-01 -6.32032673e-01 -9.08171678e-01 -1.66701598e-01
 -5.74614242e-01 -6.97498052e-02 -2.74870410e-02 -1.27074797e-01
 -7.49168064e-01 -8.94633460e-01 -6.28793646e-01  1.68467339e-01
  6.80564325e-01  5.72801476e-01 -4.76957995e-01 -2.23381239e-01
 -1.98793129e-01 -4.79753302e-01 -1.15621393e-02  1.63459609e-01
  5.37928058e-01 -8.55156356e-01 -2.35100199e-01  9.26672986e-01
 -9.50371405e-01  4.29123492e-01  9.02998194e-01 -1.95603165e-01
 -6.56600680e-01 -3.70681625e-01 -9.52125766e-01  5.37966235e-01
  4.26986827e-01 -1.03839572e-01 -9.66651571e-01 -8.65862231e-01
  5.83147635e-01  8.31002260e-01 -6.45161531e-01  5.38597254e-01
 -6.46429256e-01 -3.57809408e-01  9.49753151e-02  1.79751756e-01
 -9.04062716e-01 -1.67557505e-01 -5.47329364e-01 -3.50394861e-01
  3.66146896e-01  2.67071993e-01 -4.22748204e-01  8.41826218e-01
  8.97105066e-01  2.75518298e-01 -6.32802957e-01 -6.31489277e-01
 -4.45186923e-01 -3.37903263e-02 -9.74630746e-02 -6.08911669e-02
 -7.20275302e-01  3.16529356e-02  8.73076323e-01 -2.61315546e-01
  7.52975123e-01  9.66382390e-01 -9.81531865e-02 -4.75391025e-01
  1.88672638e-01  5.09585660e-01  7.46847352e-01  6.55344800e-01
 -8.51973944e-01 -1.11288844e-01 -6.31346854e-01  2.80955379e-01
 -4.07477494e-01  7.45704401e-01  1.63246920e-02  1.93677362e-01
  8.44291309e-01 -4.78226770e-01 -5.12271711e-01 -2.13154780e-01
  8.03050209e-01  4.06795639e-01 -8.32239587e-01 -7.15061642e-01
 -4.88880189e-02 -3.31568027e-01 -4.59301370e-01  3.38184892e-01
 -4.47709614e-01 -3.33847806e-01 -9.72971562e-01  5.07487048e-01
  5.09704628e-01  8.59898821e-01 -3.89579154e-01  3.91497421e-02
  1.20068781e-02  9.12159514e-01  6.50240995e-01  5.28644681e-01
  3.73167877e-02  3.03183191e-01 -8.10309427e-02 -5.01648538e-01
  4.59106227e-01  3.03696883e-01 -4.69532391e-01 -4.09491174e-01
 -6.38677594e-01  5.81529381e-01  9.74209511e-01 -2.58468038e-01
  9.88860328e-02 -2.81617460e-01  7.58886581e-02 -6.73360851e-01
  3.25923446e-01  4.31716562e-01 -7.83109323e-01  7.10441870e-02
  1.97851170e-01  4.43738013e-01  1.04387848e-01 -3.14917634e-01
  8.93595994e-01 -7.22821197e-01  6.31540940e-01  8.96648824e-01
  7.22439248e-03  3.36931929e-01  7.46407383e-01 -4.33419419e-01
 -5.83416388e-01 -8.01467173e-01  7.17263842e-01 -6.69475612e-01
 -3.17366674e-01 -1.76839262e-01 -8.47204555e-01  6.18809249e-05
 -5.42314650e-01 -8.41453849e-01 -7.78099397e-01  6.30375157e-01
 -7.04030025e-01  5.70273257e-01  9.96279607e-01 -2.07886810e-01
 -9.20742407e-01 -7.84374033e-01  8.89679657e-01 -2.31352009e-01
 -5.14635814e-01  4.18708713e-02  5.20356566e-01 -1.91970025e-01
 -6.69798797e-01 -5.22326167e-01  6.19334626e-01  2.41353804e-01
  1.46332783e-01  8.78267083e-01 -8.54366655e-01 -1.55451163e-01
 -7.80007497e-01 -8.42775858e-01  2.17595271e-01  1.45064704e-01
 -9.54880721e-02 -5.97521801e-01 -2.98791781e-01 -9.00877969e-01
 -7.70380881e-01  9.88745352e-01  3.58215133e-01  1.34513054e-01
  2.28244523e-01  8.61621454e-01  9.32853645e-01  3.02088854e-01
  6.15356805e-01 -5.23116051e-01 -7.21498304e-01 -3.26883395e-01
 -8.78409589e-02 -3.17948201e-01  3.95196191e-01 -1.30047078e-01
 -8.20115761e-01 -4.73633010e-01  1.27788392e-01 -9.00557703e-01
 -9.05425791e-01  9.80445981e-01  5.40608266e-01 -1.90221549e-02
  6.47693722e-01  1.67090632e-02 -5.91725471e-02  4.40871826e-01
 -2.43475580e-01  2.30738244e-01  1.95669752e-01 -1.89521347e-01
  9.07787851e-01 -9.36913914e-01  7.39494831e-01  7.05942862e-02
 -9.32416494e-01  4.57642482e-01  6.80672616e-01  2.29456854e-01
 -3.96098635e-01  7.50892891e-01 -8.54660293e-01 -3.68975132e-01
 -8.95845272e-01 -4.08698405e-01  4.52281060e-01 -7.49236405e-01
  9.88521705e-01 -6.36000845e-01 -8.03844051e-01  2.76353590e-01
  9.27160717e-01  9.41261350e-01  3.38645878e-02 -7.40450893e-01
 -5.39966773e-01 -4.36920720e-01 -5.29328840e-01 -9.17529148e-01
 -7.93811084e-01  2.28910490e-01 -2.83999631e-01 -8.98826422e-01
  1.09583681e-02  7.47356400e-01  5.79505720e-01 -7.80144718e-01
  1.92518069e-01 -4.29463075e-01 -3.03253211e-01 -2.88043972e-01
  4.89597756e-01  2.96848153e-01  3.73614394e-01 -3.42887404e-01
  4.92606894e-01  4.08942702e-01 -4.61795221e-01 -9.02993353e-01
 -4.42263361e-01]
stepsize_vec:,[1.5000e-01 1.5000e-01 1.5000e-01 1.5000e-01 4.5000e-07 1.0000e-01
 2.0000e-01 5.0000e-02 5.0000e-03 5.0000e-03 1.0000e-01 2.0000e+00
 2.0001e+03 1.6000e+00 2.0000e-02 4.0000e-02 4.0000e-02 6.0000e-02
 6.0000e-02 8.0000e-02 8.0000e-02 9.0000e-02 9.0000e-02 1.0000e-01
 1.0000e-01 2.0000e-01 2.0000e-01 2.0000e-01 2.0000e-01 2.0000e-01
 2.0000e-01 2.0000e-01 2.0000e-01 2.0000e-01 2.0000e-01 2.0000e-01
 2.0000e-01 2.0000e-01 2.0000e-01 2.0000e-01 2.0000e-01 2.0000e-01
 2.0000e-01 2.0000e-01 2.0000e-01 2.0000e-01 2.0000e-01 2.0000e-01
 2.0000e-01 2.0000e-01 2.0000e-01 2.0000e-01 2.0000e-01 2.0000e-01
 2.0000e-01 2.0000e-01 2.0000e-01 2.0000e-01 2.0000e-01 2.0000e-01
 2.0000e-01 2.0000e-01 2.0000e-01 2.0000e-01 2.0000e-01 2.0000e-01
 2.0000e-01 2.0000e-01 2.0000e-01 2.0000e-01 2.0000e-01 2.0000e-01
 2.0000e-01 2.0000e-01 2.0000e-01 2.0000e-01 2.0000e-01 2.0000e-01
 2.0000e-01 2.0000e-01 2.0000e-01 2.0000e-01 2.0000e-01 2.0000e-01
 2.0000e-01 2.0000e-01 2.0000e-01 2.0000e-01 2.0000e-01 2.0000e-01
 2.0000e-01 2.0000e-01 2.0000e-01 2.0000e-01 2.0000e-01 2.0000e-01
 2.0000e-01 2.0000e-01 2.0000e-01 2.0000e-01 2.0000e-01 2.0000e-01
 2.0000e-01 2.0000e-01 2.0000e-01 2.0000e-01 2.0000e-01 2.0000e-01
 2.0000e-01 2.0000e-01 2.0000e-01 2.0000e-01 2.0000e-01 2.0000e-01
 2.0000e-01 2.0000e-01 2.0000e-01 2.0000e-01 2.0000e-01 2.0000e-01
 2.0000e-01 2.0000e-01 2.0000e-01 2.0000e-01 2.0000e-01 2.0000e-01
 2.0000e-01 2.0000e-01 2.0000e-01 2.0000e-01 2.0000e-01 2.0000e-01
 2.0000e-01 2.0000e-01 2.0000e-01 2.0000e-01 2.0000e-01 2.0000e-01
 2.0000e-01 2.0000e-01 2.0000e-01 2.0000e-01 2.0000e-01 2.0000e-01
 2.0000e-01 2.0000e-01 2.0000e-01 2.0000e-01 2.0000e-01 2.0000e-01
 2.0000e-01 2.0000e-01 2.0000e-01 2.0000e-01 2.0000e-01 2.0000e-01
 2.0000e-01 2.0000e-01 2.0000e-01 2.0000e-01 2.0000e-01 2.0000e-01
 2.0000e-01 2.0000e-01 2.0000e-01 2.0000e-01 2.0000e-01 2.0000e-01
 2.0000e-01 2.0000e-01 2.0000e-01 2.0000e-01 2.0000e-01 2.0000e-01
 2.0000e-01 2.0000e-01 2.0000e-01 2.0000e-01 2.0000e-01 2.0000e-01
 2.0000e-01 2.0000e-01 2.0000e-01 2.0000e-01 2.0000e-01 2.0000e-01
 2.0000e-01 2.0000e-01 2.0000e-01 2.0000e-01 2.0000e-01 2.0000e-01
 2.0000e-01 2.0000e-01 2.0000e-01 2.0000e-01 2.0000e-01 2.0000e-01
 2.0000e-01 2.0000e-01 2.0000e-01 2.0000e-01 2.0000e-01 2.0000e-01
 2.0000e-01 2.0000e-01 2.0000e-01 2.0000e-01 2.0000e-01 2.0000e-01
 2.0000e-01 2.0000e-01 2.0000e-01 2.0000e-01 2.0000e-01 2.0000e-01
 2.0000e-01 2.0000e-01 2.0000e-01 2.0000e-01 2.0000e-01 2.0000e-01
 2.0000e-01 2.0000e-01 2.0000e-01 2.0000e-01 2.0000e-01 2.0000e-01
 2.0000e-01 2.0000e-01 2.0000e-01 2.0000e-01 2.0000e-01 2.0000e-01
 2.0000e-01 2.0000e-01 2.0000e-01 2.0000e-01 2.0000e-01 2.0000e-01
 2.0000e-01 2.0000e-01 2.0000e-01 2.0000e-01 2.0000e-01 2.0000e-01
 2.0000e-01 2.0000e-01 2.0000e-01 2.0000e-01 2.0000e-01 2.0000e-01
 2.0000e-01 2.0000e-01 2.0000e-01 2.0000e-01 2.0000e-01 2.0000e-01
 2.0000e-01 2.0000e-01 2.0000e-01 2.0000e-01 2.0000e-01 2.0000e-01
 2.0000e-01 2.0000e-01 2.0000e-01 2.0000e-01 2.0000e-01 2.0000e-01
 2.0000e-01 2.0000e-01 2.0000e-01 2.0000e-01 2.0000e-01 2.0000e-01
 2.0000e-01 2.0000e-01 2.0000e-01 2.0000e-01 2.0000e-01 2.0000e-01
 2.0000e-01 2.0000e-01 2.0000e-01 2.0000e-01 2.0000e-01 2.0000e-01
 2.0000e-01 2.0000e-01 2.0000e-01 2.0000e-01 2.0000e-01 2.0000e-01
 2.0000e-01 2.0000e-01 2.0000e-01 2.0000e-01 2.0000e-01 2.0000e-01
 2.0000e-01 2.0000e-01 2.0000e-01 2.0000e-01 2.0000e-01 2.0000e-01
 2.0000e-01 2.0000e-01 2.0000e-01 2.0000e-01 2.0000e-01 2.0000e-01
 2.0000e-01 2.0000e-01 2.0000e-01 2.0000e-01 2.0000e-01 2.0000e-01
 2.0000e-01 2.0000e-01 2.0000e-01 2.0000e-01 2.0000e-01 2.0000e-01
 2.0000e-01 2.0000e-01 2.0000e-01 2.0000e-01 2.0000e-01 2.0000e-01
 2.0000e-01 2.0000e-01 2.0000e-01 2.0000e-01 2.0000e-01 2.0000e-01
 2.0000e-01 2.0000e-01 2.0000e-01 2.0000e-01 2.0000e-01 2.0000e-01
 2.0000e-01 2.0000e-01 2.0000e-01 2.0000e-01 2.0000e-01 2.0000e-01
 2.0000e-01 2.0000e-01 2.0000e-01 2.0000e-01 2.0000e-01 2.0000e-01
 2.0000e-01 2.0000e-01 2.0000e-01 2.0000e-01 2.0000e-01 2.0000e-01
 2.0000e-01 2.0000e-01 2.0000e-01 2.0000e-01 2.0000e-01 2.0000e-01
 2.0000e-01 2.0000e-01 2.0000e-01 2.0000e-01 2.0000e-01 2.0000e-01
 2.0000e-01 2.0000e-01 2.0000e-01 2.0000e-01 2.0000e-01 2.0000e-01
 2.0000e-01 2.0000e-01 2.0000e-01 2.0000e-01 2.0000e-01 2.0000e-01
 2.0000e-01 2.0000e-01 2.0000e-01 2.0000e-01 2.0000e-01 2.0000e-01
 2.0000e-01 2.0000e-01 2.0000e-01 2.0000e-01 2.0000e-01 2.0000e-01
 2.0000e-01 2.0000e-01 2.0000e-01 2.0000e-01 2.0000e-01 2.0000e-01
 2.0000e-01 2.0000e-01 2.0000e-01 2.0000e-01 2.0000e-01 2.0000e-01
 2.0000e-01 2.0000e-01 2.0000e-01 2.0000e-01 2.0000e-01 2.0000e-01
 2.0000e-01 2.0000e-01 2.0000e-01 2.0000e-01 2.0000e-01 2.0000e-01
 2.0000e-01 2.0000e-01 2.0000e-01 2.0000e-01 2.0000e-01]
step_ratio_vec:,[0.1 0.1 0.1 0.1 0.1 0.1 0.1 0.1 0.1 0.1 0.1 0.1 0.1 0.1 0.1 0.1 0.1 0.1
 0.1 0.1 0.1 0.1 0.1 0.1 0.1 0.1 0.1 0.1 0.1 0.1 0.1 0.1 0.1 0.1 0.1 0.1
 0.1 0.1 0.1 0.1 0.1 0.1 0.1 0.1 0.1 0.1 0.1 0.1 0.1 0.1 0.1 0.1 0.1 0.1
 0.1 0.1 0.1 0.1 0.1 0.1 0.1 0.1 0.1 0.1 0.1 0.1 0.1 0.1 0.1 0.1 0.1 0.1
 0.1 0.1 0.1 0.1 0.1 0.1 0.1 0.1 0.1 0.1 0.1 0.1 0.1 0.1 0.1 0.1 0.1 0.1
 0.1 0.1 0.1 0.1 0.1 0.1 0.1 0.1 0.1 0.1 0.1 0.1 0.1 0.1 0.1 0.1 0.1 0.1
 0.1 0.1 0.1 0.1 0.1 0.1 0.1 0.1 0.1 0.1 0.1 0.1 0.1 0.1 0.1 0.1 0.1 0.1
 0.1 0.1 0.1 0.1 0.1 0.1 0.1 0.1 0.1 0.1 0.1 0.1 0.1 0.1 0.1 0.1 0.1 0.1
 0.1 0.1 0.1 0.1 0.1 0.1 0.1 0.1 0.1 0.1 0.1 0.1 0.1 0.1 0.1 0.1 0.1 0.1
 0.1 0.1 0.1 0.1 0.1 0.1 0.1 0.1 0.1 0.1 0.1 0.1 0.1 0.1 0.1 0.1 0.1 0.1
 0.1 0.1 0.1 0.1 0.1 0.1 0.1 0.1 0.1 0.1 0.1 0.1 0.1 0.1 0.1 0.1 0.1 0.1
 0.1 0.1 0.1 0.1 0.1 0.1 0.1 0.1 0.1 0.1 0.1 0.1 0.1 0.1 0.1 0.1 0.1 0.1
 0.1 0.1 0.1 0.1 0.1 0.1 0.1 0.1 0.1 0.1 0.1 0.1 0.1 0.1 0.1 0.1 0.1 0.1
 0.1 0.1 0.1 0.1 0.1 0.1 0.1 0.1 0.1 0.1 0.1 0.1 0.1 0.1 0.1 0.1 0.1 0.1
 0.1 0.1 0.1 0.1 0.1 0.1 0.1 0.1 0.1 0.1 0.1 0.1 0.1 0.1 0.1 0.1 0.1 0.1
 0.1 0.1 0.1 0.1 0.1 0.1 0.1 0.1 0.1 0.1 0.1 0.1 0.1 0.1 0.1 0.1 0.1 0.1
 0.1 0.1 0.1 0.1 0.1 0.1 0.1 0.1 0.1 0.1 0.1 0.1 0.1 0.1 0.1 0.1 0.1 0.1
 0.1 0.1 0.1 0.1 0.1 0.1 0.1 0.1 0.1 0.1 0.1 0.1 0.1 0.1 0.1 0.1 0.1 0.1
 0.1 0.1 0.1 0.1 0.1 0.1 0.1 0.1 0.1 0.1 0.1 0.1 0.1 0.1 0.1 0.1 0.1 0.1
 0.1 0.1 0.1 0.1 0.1 0.1 0.1 0.1 0.1 0.1 0.1 0.1 0.1 0.1 0.1 0.1 0.1 0.1
 0.1 0.1 0.1 0.1 0.1 0.1 0.1 0.1 0.1 0.1 0.1 0.1 0.1 0.1 0.1 0.1 0.1 0.1
 0.1 0.1 0.1 0.1 0.1 0.1 0.1 0.1 0.1 0.1 0.1 0.1 0.1 0.1 0.1 0.1 0.1 0.1
 0.1 0.1 0.1 0.1 0.1 0.1 0.1 0.1 0.1 0.1 0.1 0.1 0.1 0.1 0.1 0.1 0.1 0.1
 0.1 0.1 0.1 0.1 0.1 0.1 0.1 0.1 0.1 0.1 0.1]
swap interval:,2
sim interval:,[-1.49e+08 -1.40e+08 -1.25e+08 -1.15e+08 -1.00e+08 -7.50e+07 -5.00e+07
 -4.00e+07 -3.00e+07 -2.50e+07 -5.00e+06  0.00e+00]
likelihood_sed (T/F):,True
erodep_coords,elev_coords:,[[42 94]
 [42 95]
 [42 96]
 ...
 [96 78]
 [96 79]
 [96 80]]
sed scaling factor:,1
samples_per_chain:,66
burnin:,0.1
num params:,425
initial_proposed_vec:,[ 1.09794059e+00  1.75242941e+00  1.13785836e+00  1.35568302e+00
  2.01295696e-06  8.26369884e-01  1.47643746e+00  2.16130005e-02
  3.46749538e-02  2.61895777e-02  1.52241159e-01  1.60032447e+01
  1.40643168e+04  1.52221156e+01  1.82877545e-01  1.89822473e-01
 -1.93858957e-01  6.96845224e-02 -2.13581115e-01 -3.41420796e-01
 -1.75111109e-02 -4.46813083e-01  4.04954750e-01 -3.38698444e-01
 -3.74225896e-01 -6.13277185e-01  7.64736404e-01  7.07062422e-01
 -4.28534761e-01  1.74898665e-01  2.87524784e-02  6.18025579e-01
  7.81365535e-01  5.94710591e-01  5.06134970e-01 -2.15601006e-01
  7.32137881e-01  2.78224744e-01  5.19521958e-02  1.42800092e-01
 -1.89137897e-02  7.92879195e-01 -5.51312348e-01  4.45411604e-01
 -8.09237050e-01  3.74743582e-01  3.02346265e-03 -9.94575398e-01
  6.48519822e-01  6.10889202e-01  1.00607878e-01 -8.00920229e-01
 -4.76654871e-01  3.44490286e-01  1.38474325e-01  1.87607287e-01
  9.51149156e-01 -1.66533887e-01 -4.16872999e-01 -8.83573908e-01
  6.54404268e-01  1.99699318e-01 -5.25861407e-01  3.70345464e-01
  5.81327691e-01 -3.30896855e-01 -6.50764646e-01  6.80476318e-01
 -2.90378711e-01  8.55657591e-01  8.61443834e-01  9.33538602e-01
  7.92178871e-01  3.27747748e-02 -4.66343304e-01  6.96755894e-02
 -4.76886389e-01 -2.75671732e-01 -5.21656913e-01 -4.62364534e-01
  2.32330088e-01 -2.70387155e-01  7.65699162e-02 -1.46226961e-01
  2.02187810e-01 -4.30545105e-01 -5.21546498e-01  3.94776437e-01
 -8.14108935e-01  3.27426863e-01  3.03614147e-01  9.40006509e-01
 -5.03027009e-01  1.95046828e-01 -2.52271354e-01  9.69593203e-01
  7.19848866e-01 -3.53570786e-01  8.72403080e-01 -2.72317340e-01
  6.59448687e-01  9.31447762e-01 -6.37508847e-01 -8.62271247e-01
 -1.53367344e-01  9.32398755e-01 -3.98340238e-03  8.93862332e-01
 -3.03893759e-01 -8.31661557e-01  6.08007758e-01 -8.93732795e-02
  8.26598064e-02 -6.78144048e-01 -5.42229037e-01  4.98517374e-01
 -3.22724179e-01 -4.00420549e-02 -1.68433640e-01  2.33322138e-01
 -7.12670218e-01  3.35580194e-01  3.73372769e-01 -2.16381093e-01
  3.64786533e-01 -1.12001292e-01 -3.46931619e-01 -9.78431192e-01
  3.04215743e-01  2.42128562e-01  1.92365122e-01 -6.90999346e-01
  6.30886326e-01  1.33879208e-01  2.66431737e-01 -6.55225867e-01
 -3.97006166e-01 -8.87542082e-01 -1.49288725e-03 -1.60071746e-01
 -3.63202299e-01 -1.59127626e-01  7.11140081e-01  7.50034003e-01
 -5.09777042e-02  2.74374237e-01  7.70382173e-01 -7.25918337e-01
  7.76592683e-01  4.56432415e-01 -5.59427832e-01  2.27138429e-01
  3.43543283e-01 -1.91424501e-01 -2.98418121e-01  1.63365520e-03
 -4.28040229e-01 -4.81514178e-01 -5.66412452e-02  6.32405335e-01
 -2.23207502e-02  5.13552318e-01  9.37394272e-01 -6.93400865e-01
 -9.19309409e-02  6.34654400e-01  4.78930738e-01  8.94781833e-01
  5.26508735e-01  4.73544652e-01 -3.32570959e-02  4.38003018e-01
 -8.88966094e-01 -2.49876492e-01  1.41579043e-01 -6.91814983e-01
 -9.08636218e-01 -3.91922366e-01 -8.56067497e-01 -9.56341298e-01
  8.80246745e-01  1.87609983e-01 -2.52195351e-01 -7.73938813e-01
 -3.12192137e-02  3.10064118e-01  2.26045129e-02  1.36285387e-01
  3.73113633e-02 -1.98796109e-01 -7.01445394e-01 -2.17836659e-01
 -6.96501399e-01  8.39228986e-01  9.29915902e-01 -6.98330270e-01
 -4.16079293e-01  2.11541724e-01  5.22220482e-01  7.96857521e-01
  1.86598472e-01 -6.08598889e-01 -6.98899908e-01  9.18312970e-01
  7.25954830e-01  7.41379949e-01 -1.97666381e-01 -5.59059353e-01
 -1.78667624e-01 -3.71057523e-01  2.60987499e-01  6.90498267e-03
 -1.02909955e-01 -5.98320564e-01 -6.09096333e-01 -7.63684678e-01
 -5.78901012e-02  9.56056100e-01  6.76376283e-02 -7.66102539e-01
 -9.17721135e-01  3.09853917e-01 -8.24119820e-01 -1.05135117e-01
  5.63914955e-01 -9.84509521e-01 -9.94151295e-02  1.61060115e-01
  3.13087898e-01  7.25807892e-02  7.19493550e-01 -5.65459896e-01
 -6.65044741e-01  1.82260474e-01  3.77199026e-01  2.98106206e-01
  5.59762170e-01 -2.98403571e-01 -2.89538992e-01 -1.54491673e-02
  1.13645656e-01 -6.03636785e-01 -3.69696127e-01 -9.97034450e-01
 -3.48150696e-01  6.50712002e-01 -5.08959132e-01  8.20319983e-01
 -1.16770510e-01 -8.55945022e-01 -5.32389176e-01 -1.02686430e-01
  9.96119607e-01  9.59132069e-01 -8.51948431e-01  4.19088250e-01
 -4.88659616e-01  4.30218960e-01  1.14866271e-01 -2.98773573e-01
  8.01251759e-01  9.43694779e-01 -1.27300862e-01  8.33345162e-01
 -7.24932204e-01 -1.67125186e-01 -6.33906344e-02 -9.52573643e-01
  7.57603586e-01  6.60189566e-01  7.18128447e-01 -6.30109875e-01
 -1.37430597e-01  1.14795872e-01 -6.69904377e-01  8.36358770e-01
 -6.52150102e-02  7.23535530e-01 -9.20966168e-01  1.89333586e-01
 -2.92600091e-01 -9.36262841e-01 -5.30141207e-01  1.21504626e-01
  6.74826303e-01  5.75245888e-01 -8.97982648e-01  7.25751450e-01
  8.15461320e-01 -1.29260935e-01 -9.48972287e-01 -6.68014957e-01
 -5.04496868e-01 -4.49272723e-01 -3.38151215e-01  8.54602012e-01
  9.40556428e-01 -1.72624363e-01  5.55351455e-01 -3.04658334e-02
  5.51269769e-01  6.94607491e-01 -6.86138404e-01  1.10304159e-01
 -3.55835757e-01 -5.36560032e-01 -9.55752461e-01 -7.15985569e-01
 -1.02284274e-03  9.06963465e-01 -1.60374452e-01 -6.35112539e-01
 -2.74174590e-02 -7.25702656e-01 -2.21503607e-01 -2.90687087e-01
 -5.20918767e-01 -8.53983771e-01 -1.72881580e-01 -3.53489101e-01
 -5.71331457e-03  5.39333598e-01 -4.54851325e-01  2.14966517e-03
 -2.48865124e-01 -6.88275188e-01  1.76129392e-01  4.08818965e-01
  7.33980676e-01  6.49907306e-01 -4.65901236e-01 -6.76448110e-01
  3.03039085e-01  4.15419065e-01 -7.41644598e-01 -8.24204593e-02
  3.92530796e-01  5.75982980e-01  5.35523469e-01  6.06672548e-01
 -5.93905874e-01  8.53306570e-03 -9.70529725e-01 -9.55695306e-01
 -8.76570848e-02 -8.24790130e-01 -4.32281097e-01 -4.86007944e-01
  2.13010203e-01  8.28525234e-01 -6.51535035e-01  1.70003581e-01
  6.13904586e-01 -4.00116124e-01  1.77785895e-01  8.03981604e-01
  7.20345562e-01  7.67999565e-01  7.04211591e-01  2.26075949e-01
 -7.80070831e-01  1.41755391e-01 -1.57267449e-01  3.97138047e-01
 -9.33382420e-01 -2.58191335e-01 -3.65197252e-01  5.79550422e-01
 -2.21014653e-02 -8.03569270e-01  1.39398293e-01 -9.84634265e-01
 -1.72368080e-01  6.75049067e-01 -1.70335791e-01 -8.88343667e-01
 -7.63914613e-01 -4.52068373e-01 -1.02968630e-01 -2.88642210e-01
  9.83554551e-01 -5.91121271e-01  9.13879094e-01 -3.98303976e-01
  7.28382916e-01 -3.54203560e-01  8.08170527e-01 -9.80165210e-01
 -6.69021555e-01 -8.63939266e-01  2.57144631e-02  7.67641589e-01
 -4.45529180e-01 -6.69910764e-01  2.71443025e-01 -2.64673013e-01
  6.76821490e-02 -2.31349884e-01 -1.91971804e-01  1.62993352e-01
  5.10978835e-01 -1.01847642e-01 -7.02309088e-02 -2.49789964e-01
 -4.46499195e-01 -9.86528133e-02 -4.43927658e-01 -9.80272575e-01
  9.25414615e-01 -1.79879054e-01  2.75296447e-01 -3.11607064e-01
  4.64810818e-01  4.30435534e-01 -8.14764328e-01 -8.15936728e-01
 -1.67945388e-01  3.90857935e-01  9.53115119e-01 -5.28076484e-01
 -3.64914948e-01  5.16444561e-01  9.27781464e-01  6.96520532e-01
 -7.75059314e-01]
stepsize_vec:,[1.5000e-01 1.5000e-01 1.5000e-01 1.5000e-01 4.5000e-07 1.0000e-01
 2.0000e-01 5.0000e-02 5.0000e-03 5.0000e-03 1.0000e-01 2.0000e+00
 2.0001e+03 1.6000e+00 2.0000e-02 4.0000e-02 4.0000e-02 6.0000e-02
 6.0000e-02 8.0000e-02 8.0000e-02 9.0000e-02 9.0000e-02 1.0000e-01
 1.0000e-01 2.0000e-01 2.0000e-01 2.0000e-01 2.0000e-01 2.0000e-01
 2.0000e-01 2.0000e-01 2.0000e-01 2.0000e-01 2.0000e-01 2.0000e-01
 2.0000e-01 2.0000e-01 2.0000e-01 2.0000e-01 2.0000e-01 2.0000e-01
 2.0000e-01 2.0000e-01 2.0000e-01 2.0000e-01 2.0000e-01 2.0000e-01
 2.0000e-01 2.0000e-01 2.0000e-01 2.0000e-01 2.0000e-01 2.0000e-01
 2.0000e-01 2.0000e-01 2.0000e-01 2.0000e-01 2.0000e-01 2.0000e-01
 2.0000e-01 2.0000e-01 2.0000e-01 2.0000e-01 2.0000e-01 2.0000e-01
 2.0000e-01 2.0000e-01 2.0000e-01 2.0000e-01 2.0000e-01 2.0000e-01
 2.0000e-01 2.0000e-01 2.0000e-01 2.0000e-01 2.0000e-01 2.0000e-01
 2.0000e-01 2.0000e-01 2.0000e-01 2.0000e-01 2.0000e-01 2.0000e-01
 2.0000e-01 2.0000e-01 2.0000e-01 2.0000e-01 2.0000e-01 2.0000e-01
 2.0000e-01 2.0000e-01 2.0000e-01 2.0000e-01 2.0000e-01 2.0000e-01
 2.0000e-01 2.0000e-01 2.0000e-01 2.0000e-01 2.0000e-01 2.0000e-01
 2.0000e-01 2.0000e-01 2.0000e-01 2.0000e-01 2.0000e-01 2.0000e-01
 2.0000e-01 2.0000e-01 2.0000e-01 2.0000e-01 2.0000e-01 2.0000e-01
 2.0000e-01 2.0000e-01 2.0000e-01 2.0000e-01 2.0000e-01 2.0000e-01
 2.0000e-01 2.0000e-01 2.0000e-01 2.0000e-01 2.0000e-01 2.0000e-01
 2.0000e-01 2.0000e-01 2.0000e-01 2.0000e-01 2.0000e-01 2.0000e-01
 2.0000e-01 2.0000e-01 2.0000e-01 2.0000e-01 2.0000e-01 2.0000e-01
 2.0000e-01 2.0000e-01 2.0000e-01 2.0000e-01 2.0000e-01 2.0000e-01
 2.0000e-01 2.0000e-01 2.0000e-01 2.0000e-01 2.0000e-01 2.0000e-01
 2.0000e-01 2.0000e-01 2.0000e-01 2.0000e-01 2.0000e-01 2.0000e-01
 2.0000e-01 2.0000e-01 2.0000e-01 2.0000e-01 2.0000e-01 2.0000e-01
 2.0000e-01 2.0000e-01 2.0000e-01 2.0000e-01 2.0000e-01 2.0000e-01
 2.0000e-01 2.0000e-01 2.0000e-01 2.0000e-01 2.0000e-01 2.0000e-01
 2.0000e-01 2.0000e-01 2.0000e-01 2.0000e-01 2.0000e-01 2.0000e-01
 2.0000e-01 2.0000e-01 2.0000e-01 2.0000e-01 2.0000e-01 2.0000e-01
 2.0000e-01 2.0000e-01 2.0000e-01 2.0000e-01 2.0000e-01 2.0000e-01
 2.0000e-01 2.0000e-01 2.0000e-01 2.0000e-01 2.0000e-01 2.0000e-01
 2.0000e-01 2.0000e-01 2.0000e-01 2.0000e-01 2.0000e-01 2.0000e-01
 2.0000e-01 2.0000e-01 2.0000e-01 2.0000e-01 2.0000e-01 2.0000e-01
 2.0000e-01 2.0000e-01 2.0000e-01 2.0000e-01 2.0000e-01 2.0000e-01
 2.0000e-01 2.0000e-01 2.0000e-01 2.0000e-01 2.0000e-01 2.0000e-01
 2.0000e-01 2.0000e-01 2.0000e-01 2.0000e-01 2.0000e-01 2.0000e-01
 2.0000e-01 2.0000e-01 2.0000e-01 2.0000e-01 2.0000e-01 2.0000e-01
 2.0000e-01 2.0000e-01 2.0000e-01 2.0000e-01 2.0000e-01 2.0000e-01
 2.0000e-01 2.0000e-01 2.0000e-01 2.0000e-01 2.0000e-01 2.0000e-01
 2.0000e-01 2.0000e-01 2.0000e-01 2.0000e-01 2.0000e-01 2.0000e-01
 2.0000e-01 2.0000e-01 2.0000e-01 2.0000e-01 2.0000e-01 2.0000e-01
 2.0000e-01 2.0000e-01 2.0000e-01 2.0000e-01 2.0000e-01 2.0000e-01
 2.0000e-01 2.0000e-01 2.0000e-01 2.0000e-01 2.0000e-01 2.0000e-01
 2.0000e-01 2.0000e-01 2.0000e-01 2.0000e-01 2.0000e-01 2.0000e-01
 2.0000e-01 2.0000e-01 2.0000e-01 2.0000e-01 2.0000e-01 2.0000e-01
 2.0000e-01 2.0000e-01 2.0000e-01 2.0000e-01 2.0000e-01 2.0000e-01
 2.0000e-01 2.0000e-01 2.0000e-01 2.0000e-01 2.0000e-01 2.0000e-01
 2.0000e-01 2.0000e-01 2.0000e-01 2.0000e-01 2.0000e-01 2.0000e-01
 2.0000e-01 2.0000e-01 2.0000e-01 2.0000e-01 2.0000e-01 2.0000e-01
 2.0000e-01 2.0000e-01 2.0000e-01 2.0000e-01 2.0000e-01 2.0000e-01
 2.0000e-01 2.0000e-01 2.0000e-01 2.0000e-01 2.0000e-01 2.0000e-01
 2.0000e-01 2.0000e-01 2.0000e-01 2.0000e-01 2.0000e-01 2.0000e-01
 2.0000e-01 2.0000e-01 2.0000e-01 2.0000e-01 2.0000e-01 2.0000e-01
 2.0000e-01 2.0000e-01 2.0000e-01 2.0000e-01 2.0000e-01 2.0000e-01
 2.0000e-01 2.0000e-01 2.0000e-01 2.0000e-01 2.0000e-01 2.0000e-01
 2.0000e-01 2.0000e-01 2.0000e-01 2.0000e-01 2.0000e-01 2.0000e-01
 2.0000e-01 2.0000e-01 2.0000e-01 2.0000e-01 2.0000e-01 2.0000e-01
 2.0000e-01 2.0000e-01 2.0000e-01 2.0000e-01 2.0000e-01 2.0000e-01
 2.0000e-01 2.0000e-01 2.0000e-01 2.0000e-01 2.0000e-01 2.0000e-01
 2.0000e-01 2.0000e-01 2.0000e-01 2.0000e-01 2.0000e-01 2.0000e-01
 2.0000e-01 2.0000e-01 2.0000e-01 2.0000e-01 2.0000e-01 2.0000e-01
 2.0000e-01 2.0000e-01 2.0000e-01 2.0000e-01 2.0000e-01 2.0000e-01
 2.0000e-01 2.0000e-01 2.0000e-01 2.0000e-01 2.0000e-01 2.0000e-01
 2.0000e-01 2.0000e-01 2.0000e-01 2.0000e-01 2.0000e-01 2.0000e-01
 2.0000e-01 2.0000e-01 2.0000e-01 2.0000e-01 2.0000e-01 2.0000e-01
 2.0000e-01 2.0000e-01 2.0000e-01 2.0000e-01 2.0000e-01 2.0000e-01
 2.0000e-01 2.0000e-01 2.0000e-01 2.0000e-01 2.0000e-01 2.0000e-01
 2.0000e-01 2.0000e-01 2.0000e-01 2.0000e-01 2.0000e-01 2.0000e-01
 2.0000e-01 2.0000e-01 2.0000e-01 2.0000e-01 2.0000e-01]
step_ratio_vec:,[0.1 0.1 0.1 0.1 0.1 0.1 0.1 0.1 0.1 0.1 0.1 0.1 0.1 0.1 0.1 0.1 0.1 0.1
 0.1 0.1 0.1 0.1 0.1 0.1 0.1 0.1 0.1 0.1 0.1 0.1 0.1 0.1 0.1 0.1 0.1 0.1
 0.1 0.1 0.1 0.1 0.1 0.1 0.1 0.1 0.1 0.1 0.1 0.1 0.1 0.1 0.1 0.1 0.1 0.1
 0.1 0.1 0.1 0.1 0.1 0.1 0.1 0.1 0.1 0.1 0.1 0.1 0.1 0.1 0.1 0.1 0.1 0.1
 0.1 0.1 0.1 0.1 0.1 0.1 0.1 0.1 0.1 0.1 0.1 0.1 0.1 0.1 0.1 0.1 0.1 0.1
 0.1 0.1 0.1 0.1 0.1 0.1 0.1 0.1 0.1 0.1 0.1 0.1 0.1 0.1 0.1 0.1 0.1 0.1
 0.1 0.1 0.1 0.1 0.1 0.1 0.1 0.1 0.1 0.1 0.1 0.1 0.1 0.1 0.1 0.1 0.1 0.1
 0.1 0.1 0.1 0.1 0.1 0.1 0.1 0.1 0.1 0.1 0.1 0.1 0.1 0.1 0.1 0.1 0.1 0.1
 0.1 0.1 0.1 0.1 0.1 0.1 0.1 0.1 0.1 0.1 0.1 0.1 0.1 0.1 0.1 0.1 0.1 0.1
 0.1 0.1 0.1 0.1 0.1 0.1 0.1 0.1 0.1 0.1 0.1 0.1 0.1 0.1 0.1 0.1 0.1 0.1
 0.1 0.1 0.1 0.1 0.1 0.1 0.1 0.1 0.1 0.1 0.1 0.1 0.1 0.1 0.1 0.1 0.1 0.1
 0.1 0.1 0.1 0.1 0.1 0.1 0.1 0.1 0.1 0.1 0.1 0.1 0.1 0.1 0.1 0.1 0.1 0.1
 0.1 0.1 0.1 0.1 0.1 0.1 0.1 0.1 0.1 0.1 0.1 0.1 0.1 0.1 0.1 0.1 0.1 0.1
 0.1 0.1 0.1 0.1 0.1 0.1 0.1 0.1 0.1 0.1 0.1 0.1 0.1 0.1 0.1 0.1 0.1 0.1
 0.1 0.1 0.1 0.1 0.1 0.1 0.1 0.1 0.1 0.1 0.1 0.1 0.1 0.1 0.1 0.1 0.1 0.1
 0.1 0.1 0.1 0.1 0.1 0.1 0.1 0.1 0.1 0.1 0.1 0.1 0.1 0.1 0.1 0.1 0.1 0.1
 0.1 0.1 0.1 0.1 0.1 0.1 0.1 0.1 0.1 0.1 0.1 0.1 0.1 0.1 0.1 0.1 0.1 0.1
 0.1 0.1 0.1 0.1 0.1 0.1 0.1 0.1 0.1 0.1 0.1 0.1 0.1 0.1 0.1 0.1 0.1 0.1
 0.1 0.1 0.1 0.1 0.1 0.1 0.1 0.1 0.1 0.1 0.1 0.1 0.1 0.1 0.1 0.1 0.1 0.1
 0.1 0.1 0.1 0.1 0.1 0.1 0.1 0.1 0.1 0.1 0.1 0.1 0.1 0.1 0.1 0.1 0.1 0.1
 0.1 0.1 0.1 0.1 0.1 0.1 0.1 0.1 0.1 0.1 0.1 0.1 0.1 0.1 0.1 0.1 0.1 0.1
 0.1 0.1 0.1 0.1 0.1 0.1 0.1 0.1 0.1 0.1 0.1 0.1 0.1 0.1 0.1 0.1 0.1 0.1
 0.1 0.1 0.1 0.1 0.1 0.1 0.1 0.1 0.1 0.1 0.1 0.1 0.1 0.1 0.1 0.1 0.1 0.1
 0.1 0.1 0.1 0.1 0.1 0.1 0.1 0.1 0.1 0.1 0.1]
swap interval:,2
sim interval:,[-1.49e+08 -1.40e+08 -1.25e+08 -1.15e+08 -1.00e+08 -7.50e+07 -5.00e+07
 -4.00e+07 -3.00e+07 -2.50e+07 -5.00e+06  0.00e+00]
likelihood_sed (T/F):,True
erodep_coords,elev_coords:,[[42 94]
 [42 95]
 [42 96]
 ...
 [96 78]
 [96 79]
 [96 80]]
sed scaling factor:,1
samples_per_chain:,66
burnin:,0.1
num params:,425
initial_proposed_vec:,[ 1.48407189e+00  1.27658841e+00  1.69711790e+00  3.87048681e-01
  1.15049867e-06  4.54092626e-01  1.22272326e+00  3.97545537e-02
  2.62850252e-02  2.51999048e-02  8.61040411e-02  1.29229281e+01
  2.32408637e+04  1.17095734e+01  3.30923124e-02  4.93466778e-02
 -6.83124372e-02  2.13040710e-01 -2.83994788e-01  4.68388036e-02
  7.37145884e-02 -1.18744871e-01  2.04422579e-01 -4.86228796e-01
 -1.44374790e-01  2.18550276e-01  8.49513775e-01  9.70967308e-01
  2.72753872e-01 -8.20750455e-01 -9.63264255e-01  7.41600920e-01
 -8.90461073e-01 -7.90831416e-01 -6.01240541e-01 -9.33509556e-01
 -7.99265465e-01 -1.37251270e-01  1.11563259e-01  9.78021915e-01
 -3.24613821e-01  7.72665931e-02 -1.58808249e-01  7.30481683e-01
  6.81840764e-01 -8.05222163e-02  2.66825084e-01  2.41216874e-01
  4.40944369e-01 -7.75323672e-01  9.53436159e-02  9.83120738e-01
  7.48732223e-01  1.96766282e-01  9.96526452e-01 -1.22633744e-01
 -4.08675287e-01 -4.46919986e-01  3.84402298e-01  2.60365106e-01
  2.21609683e-01 -7.57824214e-01 -9.08820400e-01  5.53808522e-01
  3.33958344e-01 -4.30190293e-01 -4.27761274e-01  1.58832323e-01
 -9.67338933e-01 -1.40212884e-01 -4.10017860e-02  8.27289787e-01
 -4.92053269e-01 -6.11182918e-01  1.41665549e-01 -2.97931583e-01
 -5.75649866e-01  1.70074868e-01  8.97905655e-01  3.74535283e-02
  4.79888761e-02  5.85775498e-01 -8.50070620e-01  2.04611178e-01
 -5.66463118e-01  2.49174932e-01  3.07854596e-01 -5.17980872e-01
 -7.04077163e-01  9.06603493e-01  3.36699965e-01  9.25132563e-02
  8.55787317e-01 -8.46542657e-01  2.42320171e-01 -1.52462982e-01
  1.54745842e-01 -5.03645701e-01 -9.84219932e-01  8.07524486e-01
  2.52547850e-01  7.64743600e-01  2.34355542e-02  5.93637963e-01
 -4.06328617e-01  5.37987065e-01 -9.06989415e-01  8.42581317e-01
  4.94039714e-01 -2.54059586e-02  3.03172568e-01 -5.14747788e-01
 -1.24844359e-01  3.40793773e-01 -5.38851264e-01  9.62162949e-01
  9.50984098e-01 -6.79817339e-01  6.10241511e-01  3.17249698e-02
 -5.35845415e-01  4.19685822e-01 -3.13690897e-01  3.81870727e-01
  3.25901088e-01  7.26464308e-01 -2.47874348e-01 -3.08222914e-01
 -9.80954673e-01 -9.01726576e-01  6.26584993e-01 -9.07279281e-01
  1.20886404e-01 -8.33830054e-01 -2.03417296e-01 -1.87703742e-02
  4.87006057e-01  7.99153383e-01 -5.45552955e-01 -2.49858159e-01
 -6.02266836e-02  6.23223924e-01  8.13029316e-02 -4.50522317e-01
  1.07052648e-01 -6.96250512e-01 -7.66277798e-01  9.47383586e-01
 -9.54775700e-01  3.31263812e-01  3.09826397e-01  4.92396727e-01
  6.73376431e-01  1.06334734e-01 -7.51819192e-01 -7.79965548e-01
 -8.22688953e-01  6.65324654e-01  5.14399029e-01  6.62117502e-01
 -8.26982489e-01  7.90392109e-01 -8.00969917e-01 -6.57159219e-03
 -6.37276335e-01 -1.18012326e-01 -1.10512982e-01 -9.29673804e-01
 -9.40391246e-02  4.72015003e-01  7.53131587e-01 -4.97710245e-01
  6.67545743e-01  8.96383417e-01 -8.94476188e-01  3.00839196e-01
 -7.66536335e-02  4.45739822e-01  9.79324233e-01  6.94269291e-01
 -7.58527034e-01  1.22528253e-01 -6.19822843e-01  4.52948015e-01
 -5.06475405e-01  5.13660750e-01 -9.89511285e-01  2.73598415e-01
  6.12743238e-01 -8.77834723e-01  3.20217779e-01 -4.27705505e-01
 -9.72306514e-01 -2.71144798e-01 -7.96768331e-01 -2.02644135e-01
 -4.51529002e-01 -2.73870290e-01  1.87329648e-01 -9.84701194e-01
  3.98206220e-01  4.60322017e-01  6.23444847e-01  4.96034795e-02
  7.39994845e-01  9.22995214e-01 -4.59984936e-01 -6.07794763e-01
 -2.80200846e-01 -4.07770541e-01 -4.50549427e-02 -9.63336004e-01
 -7.98329870e-01  6.55253038e-01  1.82288665e-01 -3.51045038e-02
 -8.89975843e-01 -8.69615448e-01 -7.48747465e-01 -8.31063150e-01
 -5.04808548e-01  6.02259652e-01  5.00124264e-01  3.52101755e-01
  3.87901949e-01 -6.72103754e-01 -5.94585364e-01  7.29881873e-01
 -3.56123834e-01  4.42066476e-01  8.11271014e-01  1.52561010e-01
  6.80411165e-01 -5.76913266e-02  3.51971276e-01  5.78270607e-01
  5.42802777e-01  9.64652430e-01 -7.80061314e-01  9.95531924e-01
  5.27801451e-02 -6.79553023e-01 -6.08258932e-01  6.84229568e-01
 -7.64458904e-02  4.27232543e-01 -9.70389540e-01 -7.16521506e-01
 -2.92269534e-01  9.23603658e-01  5.29357834e-01  9.76447555e-01
 -3.21800197e-01 -9.80250175e-01  4.63706940e-01  6.92328706e-01
  4.74112187e-01 -9.21959708e-03 -7.36073005e-02  4.95683167e-01
 -8.30633762e-01  4.89808040e-01  9.46400792e-01  9.42219167e-02
  2.45826675e-01  6.09377288e-01 -7.60021044e-01 -9.62511076e-01
  4.55734196e-02  2.59106500e-01  3.08575503e-01 -2.11211585e-01
  3.82151797e-01 -2.82667236e-01  2.19535998e-01 -7.96015175e-02
 -2.20052175e-01  8.03106649e-01 -3.16700676e-01  5.36762825e-01
  8.41269589e-01 -1.71119017e-01  2.29920520e-01 -2.15336016e-01
 -1.98633800e-01  2.75607232e-01 -7.99538539e-01  7.25595057e-01
 -6.63342507e-01  5.67413455e-02 -5.12828266e-01 -2.32136213e-01
 -6.31006098e-01 -9.11676386e-01 -1.66376298e-01  9.13379807e-01
  5.70926689e-01 -9.66509375e-01  2.00048482e-01 -3.79435608e-02
 -3.19732684e-01 -6.95037753e-01  6.46496545e-01 -8.51522341e-03
 -5.40677665e-01 -9.94237289e-01  4.01649870e-01 -4.92303244e-01
 -4.24789767e-01 -6.32935133e-01 -6.54264171e-01  9.80490315e-01
 -7.40452443e-01  5.17649782e-01  8.04418006e-01  7.30852683e-02
  8.30238852e-01  1.51047105e-02 -9.17112549e-01 -4.24341924e-01
 -6.39987233e-01 -6.11401171e-01  5.33736289e-01 -2.87585545e-01
 -2.12019606e-01  9.72558931e-01  9.14590254e-01 -9.40388934e-01
  7.58567252e-02 -3.56081383e-01  2.94936655e-01  2.90560226e-01
  1.33362319e-01 -7.84749297e-01  1.37173040e-01  9.99288405e-02
  8.57597905e-01 -2.37933894e-03 -8.34605306e-02 -6.85785782e-01
  5.26666201e-01  4.77524286e-01 -8.72530222e-01 -9.40053968e-01
  3.45226032e-01  6.61745396e-01  5.04612586e-01  9.40484822e-01
  8.33516494e-02 -8.50232655e-01 -8.25935587e-01  7.68517593e-01
 -2.50488122e-01  8.80081763e-01 -6.93660565e-01 -9.76890707e-01
  7.90270039e-01 -8.02639752e-02  9.88021725e-01  9.94567302e-01
 -3.76480846e-01  6.50854062e-01  9.71877156e-01 -8.69287535e-01
 -9.25100101e-01  1.96473931e-01 -8.11829338e-01 -5.09744762e-01
 -2.82453167e-01  1.57818420e-01 -9.78501999e-01  5.16812331e-01
  5.85054415e-01 -3.04244569e-01  8.20404248e-01  1.27987378e-01
  4.92127796e-01 -5.59919666e-01 -8.03998042e-02 -3.38364492e-01
  9.98454170e-01  8.48818182e-02 -4.16698921e-01 -1.90541617e-01
  5.58972894e-01  8.14059213e-01 -1.49449835e-01  5.18432558e-01
  9.59233368e-01 -3.24737538e-02  8.03025932e-01  1.74103207e-01
  8.48013203e-01  2.03575167e-01 -2.49767203e-02  8.05065178e-01
 -3.65359548e-01  1.61034719e-01  7.82590759e-01  7.00295284e-01
 -4.45300413e-01 -8.60744137e-01 -4.80926767e-01  5.01724358e-01
  6.33954183e-02 -4.33582047e-01  4.28191456e-01 -9.40550973e-01
  1.48748136e-01  8.82443825e-02  1.70413404e-02 -1.78590837e-01
  2.55165753e-01  4.72931516e-01  6.00209785e-01  7.81033733e-01
 -2.60810042e-01  3.63094293e-01  6.77029148e-01  2.16885295e-01
  7.49688360e-01  5.49272859e-01 -9.00362899e-01  8.94516145e-01
 -4.08653463e-01]
stepsize_vec:,[1.5000e-01 1.5000e-01 1.5000e-01 1.5000e-01 4.5000e-07 1.0000e-01
 2.0000e-01 5.0000e-02 5.0000e-03 5.0000e-03 1.0000e-01 2.0000e+00
 2.0001e+03 1.6000e+00 2.0000e-02 4.0000e-02 4.0000e-02 6.0000e-02
 6.0000e-02 8.0000e-02 8.0000e-02 9.0000e-02 9.0000e-02 1.0000e-01
 1.0000e-01 2.0000e-01 2.0000e-01 2.0000e-01 2.0000e-01 2.0000e-01
 2.0000e-01 2.0000e-01 2.0000e-01 2.0000e-01 2.0000e-01 2.0000e-01
 2.0000e-01 2.0000e-01 2.0000e-01 2.0000e-01 2.0000e-01 2.0000e-01
 2.0000e-01 2.0000e-01 2.0000e-01 2.0000e-01 2.0000e-01 2.0000e-01
 2.0000e-01 2.0000e-01 2.0000e-01 2.0000e-01 2.0000e-01 2.0000e-01
 2.0000e-01 2.0000e-01 2.0000e-01 2.0000e-01 2.0000e-01 2.0000e-01
 2.0000e-01 2.0000e-01 2.0000e-01 2.0000e-01 2.0000e-01 2.0000e-01
 2.0000e-01 2.0000e-01 2.0000e-01 2.0000e-01 2.0000e-01 2.0000e-01
 2.0000e-01 2.0000e-01 2.0000e-01 2.0000e-01 2.0000e-01 2.0000e-01
 2.0000e-01 2.0000e-01 2.0000e-01 2.0000e-01 2.0000e-01 2.0000e-01
 2.0000e-01 2.0000e-01 2.0000e-01 2.0000e-01 2.0000e-01 2.0000e-01
 2.0000e-01 2.0000e-01 2.0000e-01 2.0000e-01 2.0000e-01 2.0000e-01
 2.0000e-01 2.0000e-01 2.0000e-01 2.0000e-01 2.0000e-01 2.0000e-01
 2.0000e-01 2.0000e-01 2.0000e-01 2.0000e-01 2.0000e-01 2.0000e-01
 2.0000e-01 2.0000e-01 2.0000e-01 2.0000e-01 2.0000e-01 2.0000e-01
 2.0000e-01 2.0000e-01 2.0000e-01 2.0000e-01 2.0000e-01 2.0000e-01
 2.0000e-01 2.0000e-01 2.0000e-01 2.0000e-01 2.0000e-01 2.0000e-01
 2.0000e-01 2.0000e-01 2.0000e-01 2.0000e-01 2.0000e-01 2.0000e-01
 2.0000e-01 2.0000e-01 2.0000e-01 2.0000e-01 2.0000e-01 2.0000e-01
 2.0000e-01 2.0000e-01 2.0000e-01 2.0000e-01 2.0000e-01 2.0000e-01
 2.0000e-01 2.0000e-01 2.0000e-01 2.0000e-01 2.0000e-01 2.0000e-01
 2.0000e-01 2.0000e-01 2.0000e-01 2.0000e-01 2.0000e-01 2.0000e-01
 2.0000e-01 2.0000e-01 2.0000e-01 2.0000e-01 2.0000e-01 2.0000e-01
 2.0000e-01 2.0000e-01 2.0000e-01 2.0000e-01 2.0000e-01 2.0000e-01
 2.0000e-01 2.0000e-01 2.0000e-01 2.0000e-01 2.0000e-01 2.0000e-01
 2.0000e-01 2.0000e-01 2.0000e-01 2.0000e-01 2.0000e-01 2.0000e-01
 2.0000e-01 2.0000e-01 2.0000e-01 2.0000e-01 2.0000e-01 2.0000e-01
 2.0000e-01 2.0000e-01 2.0000e-01 2.0000e-01 2.0000e-01 2.0000e-01
 2.0000e-01 2.0000e-01 2.0000e-01 2.0000e-01 2.0000e-01 2.0000e-01
 2.0000e-01 2.0000e-01 2.0000e-01 2.0000e-01 2.0000e-01 2.0000e-01
 2.0000e-01 2.0000e-01 2.0000e-01 2.0000e-01 2.0000e-01 2.0000e-01
 2.0000e-01 2.0000e-01 2.0000e-01 2.0000e-01 2.0000e-01 2.0000e-01
 2.0000e-01 2.0000e-01 2.0000e-01 2.0000e-01 2.0000e-01 2.0000e-01
 2.0000e-01 2.0000e-01 2.0000e-01 2.0000e-01 2.0000e-01 2.0000e-01
 2.0000e-01 2.0000e-01 2.0000e-01 2.0000e-01 2.0000e-01 2.0000e-01
 2.0000e-01 2.0000e-01 2.0000e-01 2.0000e-01 2.0000e-01 2.0000e-01
 2.0000e-01 2.0000e-01 2.0000e-01 2.0000e-01 2.0000e-01 2.0000e-01
 2.0000e-01 2.0000e-01 2.0000e-01 2.0000e-01 2.0000e-01 2.0000e-01
 2.0000e-01 2.0000e-01 2.0000e-01 2.0000e-01 2.0000e-01 2.0000e-01
 2.0000e-01 2.0000e-01 2.0000e-01 2.0000e-01 2.0000e-01 2.0000e-01
 2.0000e-01 2.0000e-01 2.0000e-01 2.0000e-01 2.0000e-01 2.0000e-01
 2.0000e-01 2.0000e-01 2.0000e-01 2.0000e-01 2.0000e-01 2.0000e-01
 2.0000e-01 2.0000e-01 2.0000e-01 2.0000e-01 2.0000e-01 2.0000e-01
 2.0000e-01 2.0000e-01 2.0000e-01 2.0000e-01 2.0000e-01 2.0000e-01
 2.0000e-01 2.0000e-01 2.0000e-01 2.0000e-01 2.0000e-01 2.0000e-01
 2.0000e-01 2.0000e-01 2.0000e-01 2.0000e-01 2.0000e-01 2.0000e-01
 2.0000e-01 2.0000e-01 2.0000e-01 2.0000e-01 2.0000e-01 2.0000e-01
 2.0000e-01 2.0000e-01 2.0000e-01 2.0000e-01 2.0000e-01 2.0000e-01
 2.0000e-01 2.0000e-01 2.0000e-01 2.0000e-01 2.0000e-01 2.0000e-01
 2.0000e-01 2.0000e-01 2.0000e-01 2.0000e-01 2.0000e-01 2.0000e-01
 2.0000e-01 2.0000e-01 2.0000e-01 2.0000e-01 2.0000e-01 2.0000e-01
 2.0000e-01 2.0000e-01 2.0000e-01 2.0000e-01 2.0000e-01 2.0000e-01
 2.0000e-01 2.0000e-01 2.0000e-01 2.0000e-01 2.0000e-01 2.0000e-01
 2.0000e-01 2.0000e-01 2.0000e-01 2.0000e-01 2.0000e-01 2.0000e-01
 2.0000e-01 2.0000e-01 2.0000e-01 2.0000e-01 2.0000e-01 2.0000e-01
 2.0000e-01 2.0000e-01 2.0000e-01 2.0000e-01 2.0000e-01 2.0000e-01
 2.0000e-01 2.0000e-01 2.0000e-01 2.0000e-01 2.0000e-01 2.0000e-01
 2.0000e-01 2.0000e-01 2.0000e-01 2.0000e-01 2.0000e-01 2.0000e-01
 2.0000e-01 2.0000e-01 2.0000e-01 2.0000e-01 2.0000e-01 2.0000e-01
 2.0000e-01 2.0000e-01 2.0000e-01 2.0000e-01 2.0000e-01 2.0000e-01
 2.0000e-01 2.0000e-01 2.0000e-01 2.0000e-01 2.0000e-01 2.0000e-01
 2.0000e-01 2.0000e-01 2.0000e-01 2.0000e-01 2.0000e-01 2.0000e-01
 2.0000e-01 2.0000e-01 2.0000e-01 2.0000e-01 2.0000e-01 2.0000e-01
 2.0000e-01 2.0000e-01 2.0000e-01 2.0000e-01 2.0000e-01 2.0000e-01
 2.0000e-01 2.0000e-01 2.0000e-01 2.0000e-01 2.0000e-01 2.0000e-01
 2.0000e-01 2.0000e-01 2.0000e-01 2.0000e-01 2.0000e-01 2.0000e-01
 2.0000e-01 2.0000e-01 2.0000e-01 2.0000e-01 2.0000e-01]
step_ratio_vec:,[0.1 0.1 0.1 0.1 0.1 0.1 0.1 0.1 0.1 0.1 0.1 0.1 0.1 0.1 0.1 0.1 0.1 0.1
 0.1 0.1 0.1 0.1 0.1 0.1 0.1 0.1 0.1 0.1 0.1 0.1 0.1 0.1 0.1 0.1 0.1 0.1
 0.1 0.1 0.1 0.1 0.1 0.1 0.1 0.1 0.1 0.1 0.1 0.1 0.1 0.1 0.1 0.1 0.1 0.1
 0.1 0.1 0.1 0.1 0.1 0.1 0.1 0.1 0.1 0.1 0.1 0.1 0.1 0.1 0.1 0.1 0.1 0.1
 0.1 0.1 0.1 0.1 0.1 0.1 0.1 0.1 0.1 0.1 0.1 0.1 0.1 0.1 0.1 0.1 0.1 0.1
 0.1 0.1 0.1 0.1 0.1 0.1 0.1 0.1 0.1 0.1 0.1 0.1 0.1 0.1 0.1 0.1 0.1 0.1
 0.1 0.1 0.1 0.1 0.1 0.1 0.1 0.1 0.1 0.1 0.1 0.1 0.1 0.1 0.1 0.1 0.1 0.1
 0.1 0.1 0.1 0.1 0.1 0.1 0.1 0.1 0.1 0.1 0.1 0.1 0.1 0.1 0.1 0.1 0.1 0.1
 0.1 0.1 0.1 0.1 0.1 0.1 0.1 0.1 0.1 0.1 0.1 0.1 0.1 0.1 0.1 0.1 0.1 0.1
 0.1 0.1 0.1 0.1 0.1 0.1 0.1 0.1 0.1 0.1 0.1 0.1 0.1 0.1 0.1 0.1 0.1 0.1
 0.1 0.1 0.1 0.1 0.1 0.1 0.1 0.1 0.1 0.1 0.1 0.1 0.1 0.1 0.1 0.1 0.1 0.1
 0.1 0.1 0.1 0.1 0.1 0.1 0.1 0.1 0.1 0.1 0.1 0.1 0.1 0.1 0.1 0.1 0.1 0.1
 0.1 0.1 0.1 0.1 0.1 0.1 0.1 0.1 0.1 0.1 0.1 0.1 0.1 0.1 0.1 0.1 0.1 0.1
 0.1 0.1 0.1 0.1 0.1 0.1 0.1 0.1 0.1 0.1 0.1 0.1 0.1 0.1 0.1 0.1 0.1 0.1
 0.1 0.1 0.1 0.1 0.1 0.1 0.1 0.1 0.1 0.1 0.1 0.1 0.1 0.1 0.1 0.1 0.1 0.1
 0.1 0.1 0.1 0.1 0.1 0.1 0.1 0.1 0.1 0.1 0.1 0.1 0.1 0.1 0.1 0.1 0.1 0.1
 0.1 0.1 0.1 0.1 0.1 0.1 0.1 0.1 0.1 0.1 0.1 0.1 0.1 0.1 0.1 0.1 0.1 0.1
 0.1 0.1 0.1 0.1 0.1 0.1 0.1 0.1 0.1 0.1 0.1 0.1 0.1 0.1 0.1 0.1 0.1 0.1
 0.1 0.1 0.1 0.1 0.1 0.1 0.1 0.1 0.1 0.1 0.1 0.1 0.1 0.1 0.1 0.1 0.1 0.1
 0.1 0.1 0.1 0.1 0.1 0.1 0.1 0.1 0.1 0.1 0.1 0.1 0.1 0.1 0.1 0.1 0.1 0.1
 0.1 0.1 0.1 0.1 0.1 0.1 0.1 0.1 0.1 0.1 0.1 0.1 0.1 0.1 0.1 0.1 0.1 0.1
 0.1 0.1 0.1 0.1 0.1 0.1 0.1 0.1 0.1 0.1 0.1 0.1 0.1 0.1 0.1 0.1 0.1 0.1
 0.1 0.1 0.1 0.1 0.1 0.1 0.1 0.1 0.1 0.1 0.1 0.1 0.1 0.1 0.1 0.1 0.1 0.1
 0.1 0.1 0.1 0.1 0.1 0.1 0.1 0.1 0.1 0.1 0.1]
swap interval:,2
sim interval:,[-1.49e+08 -1.40e+08 -1.25e+08 -1.15e+08 -1.00e+08 -7.50e+07 -5.00e+07
 -4.00e+07 -3.00e+07 -2.50e+07 -5.00e+06  0.00e+00]
likelihood_sed (T/F):,True
erodep_coords,elev_coords:,[[42 94]
 [42 95]
 [42 96]
 ...
 [96 78]
 [96 79]
 [96 80]]
sed scaling factor:,1
samples_per_chain:,66
burnin:,0.1
num params:,425
initial_proposed_vec:,[ 1.71053136e+00  6.48927211e-01  1.79291612e+00  1.22672339e+00
  2.96272831e-06  6.31564479e-01  1.77004416e+00  9.82052529e-02
  3.87710174e-02  3.76582607e-02  7.53277042e-01  8.93737556e+00
  1.14925020e+04  1.36036943e+01  7.99965280e-02  4.76265563e-02
  3.38289940e-02 -2.61098699e-01 -2.66805291e-01  3.28856641e-01
 -2.86807792e-01  3.02436385e-01  3.31459525e-01  4.63366781e-01
 -4.20563284e-01  9.81627573e-01 -8.69827062e-01  3.98995513e-01
  6.27043641e-01  6.97489931e-01  5.43006566e-01 -8.19849887e-03
  6.91366920e-01  6.69254082e-02  6.07147802e-01 -5.05538188e-01
  6.31674346e-01  7.46629506e-01  4.70519161e-01  7.07565299e-02
 -2.88272346e-01 -1.41334352e-02  3.16944004e-01  3.57816840e-01
  2.35518551e-02 -4.51404750e-01 -8.56556552e-01 -1.16271378e-01
 -8.03373028e-02 -9.56493848e-01 -2.74783627e-01 -7.29170069e-01
  9.17654095e-01 -9.25960528e-01 -1.65312067e-01 -1.55918585e-01
  1.10043811e-02 -5.66649923e-01 -6.97240176e-01 -6.57164876e-01
 -2.90005688e-01  3.73735932e-01 -7.86244221e-01 -7.11318837e-01
 -8.22636190e-01 -5.65806337e-01  4.93219624e-02  5.50702494e-01
 -8.27212687e-01  9.52753695e-01 -4.74012162e-01  8.86469530e-01
 -8.96631362e-01 -3.11931818e-02 -1.79494808e-01 -2.74299844e-01
 -8.94163769e-01  3.33585204e-01 -2.74272857e-01  9.57291106e-01
 -3.50496973e-01  4.94674198e-01  9.66420646e-01 -2.61177361e-01
  9.51392356e-02  8.06146348e-01 -6.09269197e-01  1.52759936e-01
  6.06374721e-01 -5.86774072e-01  1.32004008e-01  6.52434281e-01
 -7.01562835e-01 -1.04688550e-01 -5.74609630e-01 -7.89994633e-02
 -9.82085969e-01  8.14777277e-01 -3.84398027e-01 -8.01288531e-01
 -3.76743961e-01 -9.54281015e-01 -4.10108825e-01  4.51507931e-01
 -3.42550938e-01  2.73700925e-01 -6.61845996e-01  6.78987111e-01
  4.85931766e-01  3.22759858e-01 -1.55476188e-01  1.68444218e-01
  4.81738789e-01  3.00512867e-01  7.82524173e-01  8.95552640e-01
  3.07213599e-02  2.85740807e-01  2.85945302e-01 -8.19326522e-01
  2.92691511e-02 -8.06577381e-01 -6.55369843e-01 -3.48568267e-01
  6.11902577e-01  3.45018013e-01 -7.42359628e-01  8.97166437e-01
  4.50457828e-01 -4.38593341e-02 -1.11177887e-01 -9.98216337e-01
 -2.72186603e-02 -5.47039061e-02 -8.20703787e-02  2.36285900e-01
 -6.11343816e-02  8.21793107e-01 -2.17975261e-01  6.62530747e-01
  6.07645185e-01 -7.08468858e-01 -1.13381186e-01  3.50254585e-01
 -2.47409326e-01  9.07011850e-01 -4.27786534e-01 -3.69409284e-01
 -2.11412450e-01 -9.87513476e-01 -9.43673917e-02  6.24996790e-03
 -4.23678332e-01 -3.51597455e-01 -2.90481179e-01 -7.54421626e-01
  1.13954263e-01 -5.82253337e-03  6.92203547e-02 -9.37453186e-01
 -2.35299947e-01 -4.77970567e-01  9.45459820e-01 -6.91682772e-01
 -1.28852346e-01 -8.19275542e-01 -7.69878742e-01 -2.49510268e-01
 -1.29033825e-01 -7.21492633e-01 -8.17294723e-01 -2.83386902e-01
  8.46356788e-01 -1.85054477e-01  2.72241670e-02 -6.80149409e-01
 -9.39408652e-02 -5.70793196e-01  8.59815550e-01  7.61381589e-01
 -6.47360662e-01 -5.52509953e-01  1.86749977e-01 -8.83960893e-01
  7.11474370e-01 -7.23448894e-01  8.69163760e-01  6.95101445e-01
 -8.42338340e-01 -1.83300922e-01  3.83076745e-01  3.61982359e-01
  3.49858703e-01 -5.34192250e-01  5.14924099e-01 -4.32932913e-01
 -2.12364723e-01  1.99482970e-01 -4.57966366e-02  4.23035747e-02
  5.57303968e-01  8.43906294e-01  5.29204422e-01  7.38008992e-01
  9.54116922e-01 -2.91693520e-01  3.43433085e-01 -6.20670235e-04
  2.51398360e-01 -4.65705989e-01  1.54326219e-02  8.77851746e-02
  5.45501738e-01  3.56634261e-01 -1.65342200e-01 -1.64953785e-01
  5.84591255e-01 -8.72557206e-01 -1.50834401e-01 -5.69024540e-01
  3.75962438e-01  1.07438592e-01 -1.07936685e-01 -5.03090564e-01
  2.53376032e-01  9.99524510e-01  4.33470351e-01 -5.43879368e-02
 -1.28839540e-01 -3.47019686e-01  3.39240949e-01  3.41744109e-01
  9.81857733e-01 -4.86676662e-01  2.74863279e-01 -9.20587278e-01
 -1.99039449e-01  7.08759978e-01 -7.61358399e-02  3.44110615e-01
  2.99857490e-01 -5.84533558e-01  4.45168791e-01  7.18767891e-01
  4.31050796e-02 -8.40839275e-02 -3.91170194e-01  3.27448724e-01
 -5.56758537e-02  5.11764719e-01 -8.17740731e-01 -8.45716883e-01
 -6.85653135e-01 -5.97717824e-01 -2.36752914e-01 -9.12113464e-01
  3.19072694e-01 -7.09008772e-01  2.37216479e-01  8.74756949e-01
 -4.99967876e-01 -6.58296225e-01  1.74924492e-01 -5.90144516e-01
  9.12201915e-01  3.96616783e-01 -9.19839981e-01 -2.67476015e-01
 -8.54268755e-02  2.81055554e-01 -5.21292493e-01  3.00530385e-01
  5.30202275e-01 -6.41234631e-01 -2.23461230e-01 -3.20424450e-01
 -6.27245862e-01  9.40996185e-01 -4.48864653e-01 -4.21602031e-01
 -3.95346382e-02 -9.60719430e-01 -4.54824420e-01 -2.87152462e-01
  5.56125481e-01  9.76848546e-01  1.45816125e-01  5.94453718e-01
 -7.42567430e-01  7.06969850e-01  7.49707841e-01 -5.12273880e-01
  2.48484023e-01 -9.99569621e-01 -7.77017945e-01  7.66805501e-01
  2.65886412e-01  5.60716239e-01  2.50480920e-01 -9.30468895e-01
  5.25882056e-01 -9.57303975e-02  8.32214433e-01 -6.63803472e-01
 -6.91019239e-01  7.85185558e-01  6.71306989e-01 -7.09008037e-01
 -8.64102884e-02 -4.32215691e-01 -7.38352148e-01 -4.31092496e-01
  3.55847158e-01  9.48280362e-01 -9.44564989e-01  3.99954023e-02
 -6.70240919e-01  9.11330066e-01 -6.24082864e-01  1.66329268e-01
  1.11694627e-01 -9.86147821e-01 -8.16769695e-01 -1.59526176e-01
  5.15950942e-01 -2.58610731e-01  4.44748351e-01  2.48504160e-01
 -9.85542640e-01 -8.07318879e-01 -5.42634554e-01  5.05865965e-01
  3.62776100e-01  1.12798409e-01  3.00508146e-01  7.24896617e-01
 -3.72296559e-01 -2.79178439e-01  4.67995632e-01  1.61887796e-01
  2.88068523e-01 -1.60630692e-01  1.59572413e-01  7.55636508e-01
  2.20195055e-01  4.38673965e-03  4.73267916e-01  4.70410189e-01
  5.59897737e-01  7.94611658e-01  6.66485786e-01 -4.11212533e-01
 -9.00316767e-01  2.55568480e-01  1.66505008e-01  2.58052029e-03
  9.51485898e-01  9.01836157e-01  2.79169509e-01  2.29074934e-01
  3.28765348e-01 -4.29969620e-01 -9.46606629e-01 -9.60644270e-01
 -5.53411700e-01 -4.11759476e-01 -7.20083331e-01  4.46851710e-01
  5.61901204e-01  1.70581547e-01 -7.96140731e-01  5.61972310e-01
 -7.09236538e-01 -7.97364417e-01 -9.89192808e-01  3.02880903e-01
 -3.61284406e-01  5.46975490e-01  3.54376768e-01 -1.44455157e-01
  6.68015386e-01  9.97336211e-01  7.31323269e-01  8.84779676e-01
  2.27797531e-01  1.31398445e-01 -2.25995786e-01  2.68932121e-01
  1.82640105e-01  6.86275645e-01  9.43749985e-01  8.95255418e-01
 -5.84725765e-01  6.35608105e-01 -8.59677851e-01 -4.01835910e-01
  1.00349664e-01  6.66321008e-01 -6.87602770e-01 -4.13818473e-01
  2.11701495e-01  8.70499939e-01 -4.40190329e-01  9.28855490e-01
 -5.50623372e-01  5.42436293e-01 -9.20522989e-01  7.67179453e-01
  4.89143646e-01  3.92606759e-01  8.37463380e-02 -4.14302314e-01
 -1.26034232e-01 -7.66020264e-01 -7.65947638e-01 -5.88505685e-01
 -6.61296955e-01 -1.45556585e-01 -5.30873508e-01  4.45657347e-01
 -1.11991762e-01 -3.75579308e-01 -1.32545080e-01 -6.25365725e-01
 -4.13239201e-01]
stepsize_vec:,[1.5000e-01 1.5000e-01 1.5000e-01 1.5000e-01 4.5000e-07 1.0000e-01
 2.0000e-01 5.0000e-02 5.0000e-03 5.0000e-03 1.0000e-01 2.0000e+00
 2.0001e+03 1.6000e+00 2.0000e-02 4.0000e-02 4.0000e-02 6.0000e-02
 6.0000e-02 8.0000e-02 8.0000e-02 9.0000e-02 9.0000e-02 1.0000e-01
 1.0000e-01 2.0000e-01 2.0000e-01 2.0000e-01 2.0000e-01 2.0000e-01
 2.0000e-01 2.0000e-01 2.0000e-01 2.0000e-01 2.0000e-01 2.0000e-01
 2.0000e-01 2.0000e-01 2.0000e-01 2.0000e-01 2.0000e-01 2.0000e-01
 2.0000e-01 2.0000e-01 2.0000e-01 2.0000e-01 2.0000e-01 2.0000e-01
 2.0000e-01 2.0000e-01 2.0000e-01 2.0000e-01 2.0000e-01 2.0000e-01
 2.0000e-01 2.0000e-01 2.0000e-01 2.0000e-01 2.0000e-01 2.0000e-01
 2.0000e-01 2.0000e-01 2.0000e-01 2.0000e-01 2.0000e-01 2.0000e-01
 2.0000e-01 2.0000e-01 2.0000e-01 2.0000e-01 2.0000e-01 2.0000e-01
 2.0000e-01 2.0000e-01 2.0000e-01 2.0000e-01 2.0000e-01 2.0000e-01
 2.0000e-01 2.0000e-01 2.0000e-01 2.0000e-01 2.0000e-01 2.0000e-01
 2.0000e-01 2.0000e-01 2.0000e-01 2.0000e-01 2.0000e-01 2.0000e-01
 2.0000e-01 2.0000e-01 2.0000e-01 2.0000e-01 2.0000e-01 2.0000e-01
 2.0000e-01 2.0000e-01 2.0000e-01 2.0000e-01 2.0000e-01 2.0000e-01
 2.0000e-01 2.0000e-01 2.0000e-01 2.0000e-01 2.0000e-01 2.0000e-01
 2.0000e-01 2.0000e-01 2.0000e-01 2.0000e-01 2.0000e-01 2.0000e-01
 2.0000e-01 2.0000e-01 2.0000e-01 2.0000e-01 2.0000e-01 2.0000e-01
 2.0000e-01 2.0000e-01 2.0000e-01 2.0000e-01 2.0000e-01 2.0000e-01
 2.0000e-01 2.0000e-01 2.0000e-01 2.0000e-01 2.0000e-01 2.0000e-01
 2.0000e-01 2.0000e-01 2.0000e-01 2.0000e-01 2.0000e-01 2.0000e-01
 2.0000e-01 2.0000e-01 2.0000e-01 2.0000e-01 2.0000e-01 2.0000e-01
 2.0000e-01 2.0000e-01 2.0000e-01 2.0000e-01 2.0000e-01 2.0000e-01
 2.0000e-01 2.0000e-01 2.0000e-01 2.0000e-01 2.0000e-01 2.0000e-01
 2.0000e-01 2.0000e-01 2.0000e-01 2.0000e-01 2.0000e-01 2.0000e-01
 2.0000e-01 2.0000e-01 2.0000e-01 2.0000e-01 2.0000e-01 2.0000e-01
 2.0000e-01 2.0000e-01 2.0000e-01 2.0000e-01 2.0000e-01 2.0000e-01
 2.0000e-01 2.0000e-01 2.0000e-01 2.0000e-01 2.0000e-01 2.0000e-01
 2.0000e-01 2.0000e-01 2.0000e-01 2.0000e-01 2.0000e-01 2.0000e-01
 2.0000e-01 2.0000e-01 2.0000e-01 2.0000e-01 2.0000e-01 2.0000e-01
 2.0000e-01 2.0000e-01 2.0000e-01 2.0000e-01 2.0000e-01 2.0000e-01
 2.0000e-01 2.0000e-01 2.0000e-01 2.0000e-01 2.0000e-01 2.0000e-01
 2.0000e-01 2.0000e-01 2.0000e-01 2.0000e-01 2.0000e-01 2.0000e-01
 2.0000e-01 2.0000e-01 2.0000e-01 2.0000e-01 2.0000e-01 2.0000e-01
 2.0000e-01 2.0000e-01 2.0000e-01 2.0000e-01 2.0000e-01 2.0000e-01
 2.0000e-01 2.0000e-01 2.0000e-01 2.0000e-01 2.0000e-01 2.0000e-01
 2.0000e-01 2.0000e-01 2.0000e-01 2.0000e-01 2.0000e-01 2.0000e-01
 2.0000e-01 2.0000e-01 2.0000e-01 2.0000e-01 2.0000e-01 2.0000e-01
 2.0000e-01 2.0000e-01 2.0000e-01 2.0000e-01 2.0000e-01 2.0000e-01
 2.0000e-01 2.0000e-01 2.0000e-01 2.0000e-01 2.0000e-01 2.0000e-01
 2.0000e-01 2.0000e-01 2.0000e-01 2.0000e-01 2.0000e-01 2.0000e-01
 2.0000e-01 2.0000e-01 2.0000e-01 2.0000e-01 2.0000e-01 2.0000e-01
 2.0000e-01 2.0000e-01 2.0000e-01 2.0000e-01 2.0000e-01 2.0000e-01
 2.0000e-01 2.0000e-01 2.0000e-01 2.0000e-01 2.0000e-01 2.0000e-01
 2.0000e-01 2.0000e-01 2.0000e-01 2.0000e-01 2.0000e-01 2.0000e-01
 2.0000e-01 2.0000e-01 2.0000e-01 2.0000e-01 2.0000e-01 2.0000e-01
 2.0000e-01 2.0000e-01 2.0000e-01 2.0000e-01 2.0000e-01 2.0000e-01
 2.0000e-01 2.0000e-01 2.0000e-01 2.0000e-01 2.0000e-01 2.0000e-01
 2.0000e-01 2.0000e-01 2.0000e-01 2.0000e-01 2.0000e-01 2.0000e-01
 2.0000e-01 2.0000e-01 2.0000e-01 2.0000e-01 2.0000e-01 2.0000e-01
 2.0000e-01 2.0000e-01 2.0000e-01 2.0000e-01 2.0000e-01 2.0000e-01
 2.0000e-01 2.0000e-01 2.0000e-01 2.0000e-01 2.0000e-01 2.0000e-01
 2.0000e-01 2.0000e-01 2.0000e-01 2.0000e-01 2.0000e-01 2.0000e-01
 2.0000e-01 2.0000e-01 2.0000e-01 2.0000e-01 2.0000e-01 2.0000e-01
 2.0000e-01 2.0000e-01 2.0000e-01 2.0000e-01 2.0000e-01 2.0000e-01
 2.0000e-01 2.0000e-01 2.0000e-01 2.0000e-01 2.0000e-01 2.0000e-01
 2.0000e-01 2.0000e-01 2.0000e-01 2.0000e-01 2.0000e-01 2.0000e-01
 2.0000e-01 2.0000e-01 2.0000e-01 2.0000e-01 2.0000e-01 2.0000e-01
 2.0000e-01 2.0000e-01 2.0000e-01 2.0000e-01 2.0000e-01 2.0000e-01
 2.0000e-01 2.0000e-01 2.0000e-01 2.0000e-01 2.0000e-01 2.0000e-01
 2.0000e-01 2.0000e-01 2.0000e-01 2.0000e-01 2.0000e-01 2.0000e-01
 2.0000e-01 2.0000e-01 2.0000e-01 2.0000e-01 2.0000e-01 2.0000e-01
 2.0000e-01 2.0000e-01 2.0000e-01 2.0000e-01 2.0000e-01 2.0000e-01
 2.0000e-01 2.0000e-01 2.0000e-01 2.0000e-01 2.0000e-01 2.0000e-01
 2.0000e-01 2.0000e-01 2.0000e-01 2.0000e-01 2.0000e-01 2.0000e-01
 2.0000e-01 2.0000e-01 2.0000e-01 2.0000e-01 2.0000e-01 2.0000e-01
 2.0000e-01 2.0000e-01 2.0000e-01 2.0000e-01 2.0000e-01 2.0000e-01
 2.0000e-01 2.0000e-01 2.0000e-01 2.0000e-01 2.0000e-01 2.0000e-01
 2.0000e-01 2.0000e-01 2.0000e-01 2.0000e-01 2.0000e-01]
step_ratio_vec:,[0.1 0.1 0.1 0.1 0.1 0.1 0.1 0.1 0.1 0.1 0.1 0.1 0.1 0.1 0.1 0.1 0.1 0.1
 0.1 0.1 0.1 0.1 0.1 0.1 0.1 0.1 0.1 0.1 0.1 0.1 0.1 0.1 0.1 0.1 0.1 0.1
 0.1 0.1 0.1 0.1 0.1 0.1 0.1 0.1 0.1 0.1 0.1 0.1 0.1 0.1 0.1 0.1 0.1 0.1
 0.1 0.1 0.1 0.1 0.1 0.1 0.1 0.1 0.1 0.1 0.1 0.1 0.1 0.1 0.1 0.1 0.1 0.1
 0.1 0.1 0.1 0.1 0.1 0.1 0.1 0.1 0.1 0.1 0.1 0.1 0.1 0.1 0.1 0.1 0.1 0.1
 0.1 0.1 0.1 0.1 0.1 0.1 0.1 0.1 0.1 0.1 0.1 0.1 0.1 0.1 0.1 0.1 0.1 0.1
 0.1 0.1 0.1 0.1 0.1 0.1 0.1 0.1 0.1 0.1 0.1 0.1 0.1 0.1 0.1 0.1 0.1 0.1
 0.1 0.1 0.1 0.1 0.1 0.1 0.1 0.1 0.1 0.1 0.1 0.1 0.1 0.1 0.1 0.1 0.1 0.1
 0.1 0.1 0.1 0.1 0.1 0.1 0.1 0.1 0.1 0.1 0.1 0.1 0.1 0.1 0.1 0.1 0.1 0.1
 0.1 0.1 0.1 0.1 0.1 0.1 0.1 0.1 0.1 0.1 0.1 0.1 0.1 0.1 0.1 0.1 0.1 0.1
 0.1 0.1 0.1 0.1 0.1 0.1 0.1 0.1 0.1 0.1 0.1 0.1 0.1 0.1 0.1 0.1 0.1 0.1
 0.1 0.1 0.1 0.1 0.1 0.1 0.1 0.1 0.1 0.1 0.1 0.1 0.1 0.1 0.1 0.1 0.1 0.1
 0.1 0.1 0.1 0.1 0.1 0.1 0.1 0.1 0.1 0.1 0.1 0.1 0.1 0.1 0.1 0.1 0.1 0.1
 0.1 0.1 0.1 0.1 0.1 0.1 0.1 0.1 0.1 0.1 0.1 0.1 0.1 0.1 0.1 0.1 0.1 0.1
 0.1 0.1 0.1 0.1 0.1 0.1 0.1 0.1 0.1 0.1 0.1 0.1 0.1 0.1 0.1 0.1 0.1 0.1
 0.1 0.1 0.1 0.1 0.1 0.1 0.1 0.1 0.1 0.1 0.1 0.1 0.1 0.1 0.1 0.1 0.1 0.1
 0.1 0.1 0.1 0.1 0.1 0.1 0.1 0.1 0.1 0.1 0.1 0.1 0.1 0.1 0.1 0.1 0.1 0.1
 0.1 0.1 0.1 0.1 0.1 0.1 0.1 0.1 0.1 0.1 0.1 0.1 0.1 0.1 0.1 0.1 0.1 0.1
 0.1 0.1 0.1 0.1 0.1 0.1 0.1 0.1 0.1 0.1 0.1 0.1 0.1 0.1 0.1 0.1 0.1 0.1
 0.1 0.1 0.1 0.1 0.1 0.1 0.1 0.1 0.1 0.1 0.1 0.1 0.1 0.1 0.1 0.1 0.1 0.1
 0.1 0.1 0.1 0.1 0.1 0.1 0.1 0.1 0.1 0.1 0.1 0.1 0.1 0.1 0.1 0.1 0.1 0.1
 0.1 0.1 0.1 0.1 0.1 0.1 0.1 0.1 0.1 0.1 0.1 0.1 0.1 0.1 0.1 0.1 0.1 0.1
 0.1 0.1 0.1 0.1 0.1 0.1 0.1 0.1 0.1 0.1 0.1 0.1 0.1 0.1 0.1 0.1 0.1 0.1
 0.1 0.1 0.1 0.1 0.1 0.1 0.1 0.1 0.1 0.1 0.1]
swap interval:,2
sim interval:,[-1.49e+08 -1.40e+08 -1.25e+08 -1.15e+08 -1.00e+08 -7.50e+07 -5.00e+07
 -4.00e+07 -3.00e+07 -2.50e+07 -5.00e+06  0.00e+00]
likelihood_sed (T/F):,True
erodep_coords,elev_coords:,[[42 94]
 [42 95]
 [42 96]
 ...
 [96 78]
 [96 79]
 [96 80]]
sed scaling factor:,1
samples_per_chain:,66
burnin:,0.1
num params:,425
initial_proposed_vec:,[ 1.72849249e+00  9.56633102e-01  9.16391923e-01  7.75219155e-01
  4.52078732e-06  8.11530081e-01  3.01880841e-01  4.91426442e-01
  3.51265956e-04  2.61458629e-02  3.72204662e-01  9.42290461e+00
  1.27570893e+04  1.86653117e+01  1.43024044e-01 -8.91458836e-02
 -6.47658425e-02 -1.46841810e-01 -2.57763944e-01 -3.48368003e-01
 -5.67349242e-03  2.40755705e-02 -3.21962316e-01  2.97621899e-01
 -2.18120942e-02 -6.86996998e-01 -9.04621611e-02  3.89680433e-01
  4.86966791e-01  8.95707799e-01 -8.20530209e-01 -3.72169069e-01
 -2.14937206e-01 -3.27002161e-01 -4.44438475e-01  9.33050472e-01
  2.27647548e-01  5.47590009e-01  3.90322297e-01  2.25669008e-01
 -4.10659516e-03 -5.63728961e-01 -9.62531311e-01 -7.06837027e-01
  6.39262669e-01  9.34213335e-01 -8.28581591e-01  8.85415520e-01
 -4.87744051e-01 -4.44604550e-02 -4.79647136e-01 -9.98020753e-01
 -3.77039433e-01  3.69263616e-01 -9.49917330e-01 -2.54660011e-01
 -5.17600143e-01 -9.54813005e-01 -3.26819303e-01 -6.48564208e-01
 -9.46899913e-01 -6.38857237e-01  2.70481773e-01 -3.35763708e-01
 -2.75472851e-01 -3.22584096e-02 -1.84402494e-01  5.98599252e-01
  3.93415045e-01  9.28373284e-01 -8.71573947e-01  4.03458056e-01
 -3.39370822e-01 -6.66357912e-01  2.85982275e-01  1.97416758e-01
 -2.41926493e-01  5.30084409e-01  3.03829219e-02  6.12279299e-01
 -1.15714648e-01 -5.55409118e-01 -9.14780559e-01  3.02255258e-01
 -5.97304251e-01  1.42038783e-01 -7.14845466e-01 -3.04470048e-02
  3.50287837e-02 -6.50724791e-02  6.44381518e-01  2.66049384e-01
 -9.82820290e-01  1.48326177e-01  9.74972511e-01  2.59363613e-01
 -5.06975988e-01 -9.01473032e-01 -8.76759677e-02 -3.83511360e-02
 -6.47357289e-01  4.77849498e-01  3.68398954e-01 -8.25078364e-01
 -4.32356408e-01  6.80987956e-01 -6.60465418e-01 -4.43733485e-03
  5.88842148e-01 -7.37471726e-01  7.91343321e-01 -5.55376149e-01
 -6.17241834e-01  6.32469821e-01 -8.47990535e-01 -7.78955664e-01
 -6.22554315e-01 -9.59448438e-01 -5.18736250e-01  6.11952096e-02
 -4.63333738e-01  1.80568371e-01  4.00536827e-02  2.23289022e-01
  8.12441684e-01 -7.95352073e-01 -8.01594572e-01 -7.89991197e-01
  2.15441247e-01 -5.24271489e-02  6.74151624e-01 -4.32200441e-02
  1.08056651e-01  9.55825426e-01 -3.54421153e-01  1.23028379e-02
  5.71718524e-01 -6.70649148e-01  3.64023340e-01 -7.70948034e-01
  8.92404549e-01  1.60514457e-01 -3.76832841e-01  7.62976573e-01
  1.79367776e-01  6.49199176e-01 -7.92376334e-01 -6.44654985e-01
 -3.36132829e-02 -8.14477366e-01  1.64438875e-01  9.64595430e-01
  7.41905183e-01 -5.00463405e-01  6.05791582e-01  6.13680271e-01
 -3.64889156e-01 -3.85870860e-01  7.50548584e-02 -2.63678324e-01
  5.70650304e-01 -5.69910967e-01 -7.74055884e-02 -5.37508968e-01
  3.85400379e-01  8.70563418e-01 -3.71122227e-01  5.57178492e-02
 -9.53176387e-01  1.72854226e-01 -1.11492034e-01  6.77186466e-01
 -5.54759465e-01 -4.73381492e-01  9.79694402e-01  5.91657706e-01
 -8.72069857e-01 -3.52180237e-01 -2.22647536e-01  6.43097738e-01
 -8.35282129e-01 -9.24896497e-01  3.91618718e-01 -2.75037197e-02
 -2.55706138e-01 -9.85363956e-01 -8.14069544e-01 -6.15343849e-01
 -8.21418846e-01  9.23331761e-01 -3.32990692e-02  1.83647401e-01
  9.31711357e-01  3.04356687e-01  4.36674150e-01 -8.50056876e-01
  7.49346842e-01  2.74110873e-01 -9.92196091e-01 -5.03291910e-01
 -3.36502353e-01 -8.47607095e-01  7.89542996e-01 -2.75398270e-01
  9.80312230e-01 -9.52752679e-01 -2.39282609e-01 -9.81495460e-02
  5.59717171e-01 -4.09055149e-01 -1.22625121e-01  4.25793906e-01
  5.86072003e-01  5.11926131e-01  2.87796849e-01  5.12665046e-01
 -7.72888250e-01  5.42164247e-01 -5.74706193e-01  6.70029293e-01
  8.79966929e-01 -6.75735161e-01 -1.51549539e-01 -1.96030588e-01
  8.90709566e-01 -9.01838958e-01 -3.60305628e-01 -9.92838219e-01
  5.10236952e-01 -3.52824884e-01  9.55808210e-02 -1.68240053e-01
 -7.20679496e-02  8.57931132e-01  1.18863439e-01  4.90769682e-01
 -7.23225996e-02 -3.43923046e-01  8.20961534e-01  7.97817520e-01
  6.31771762e-01  6.80763123e-01 -6.08216339e-01  2.86670151e-01
 -3.18728305e-01 -6.22140052e-01  7.93997885e-01 -5.96437207e-01
  9.68899683e-01  3.75835851e-02 -5.34772875e-01 -2.45690161e-01
  9.48518966e-01 -3.42387304e-01 -6.11300889e-01 -4.90735313e-01
 -4.06212341e-01  9.79737518e-02 -4.35479444e-01  4.19069638e-01
  6.23872214e-01  8.84427484e-01  7.79087829e-01 -4.66425278e-01
 -7.10296215e-01 -1.15880074e-01 -6.89829778e-01  8.27091213e-01
 -6.84130467e-01 -3.02839584e-01  6.58290111e-01 -8.39373649e-01
 -8.23275390e-01 -3.54511812e-01 -5.63918151e-01 -2.13123510e-03
  9.14773144e-01 -7.62833769e-01  8.88441806e-01  2.82204699e-01
 -4.10836394e-01  5.09747884e-01  8.51096292e-01 -8.16016955e-01
  9.17582392e-01  2.63189603e-01  9.63528144e-01  5.45197618e-01
 -8.43554682e-01  7.20126719e-01 -6.94158051e-01 -4.73497613e-01
  4.58834488e-02  4.75435954e-01 -4.60979229e-01 -7.09314943e-01
  6.88571862e-01  5.94327757e-01  2.66989025e-01 -6.55647320e-01
  2.43256524e-01 -7.26257474e-01 -7.37866986e-01 -7.09512281e-01
  1.70693764e-01 -9.61586025e-01 -2.13568528e-01 -6.43373489e-01
 -6.53990639e-01 -2.00468333e-02  2.24517351e-01 -3.93431680e-01
  2.17239669e-01  2.70582020e-01  6.46665151e-01  3.90165881e-01
  8.73861810e-01  1.95366959e-01 -3.74609310e-01  4.85241956e-01
  3.06311334e-01 -1.68572200e-01 -6.24124483e-01  5.75028392e-01
  9.18930633e-01  4.63971247e-01 -5.24555974e-01  3.27739934e-01
 -4.80751314e-01 -2.90107398e-01 -5.24638505e-01 -8.92418801e-01
 -2.40972872e-01 -7.54062714e-01  4.79119127e-01  2.25772592e-01
  4.53666184e-01 -6.83815543e-01 -8.19415749e-01  6.93209163e-02
 -9.01966386e-01 -6.98096369e-01 -9.52608566e-01 -1.44586912e-02
 -5.21102071e-01  7.10216867e-01 -3.82166589e-01 -5.59908436e-01
 -4.52251543e-01  2.21939153e-01 -4.88482408e-02  4.88184172e-01
 -9.79534657e-02 -4.13530379e-01 -6.46138960e-01 -3.85520631e-01
 -5.12938735e-01  5.44395668e-01  3.73607438e-01  9.54356093e-01
  4.37628811e-01 -8.79422801e-01  4.17008905e-01  8.03917223e-01
  3.18315090e-01  2.37128200e-01  1.60825929e-01 -4.97611940e-01
  8.51603710e-01  8.08746560e-01  7.13061413e-01  6.45947418e-01
 -1.88871556e-01 -2.86664032e-01 -4.74052108e-01  6.15505438e-01
 -4.24799171e-01 -7.32190123e-01  1.56493298e-01  3.72958206e-01
 -7.95898615e-01 -4.75278637e-01  3.27910598e-01 -1.80723606e-01
  4.26714395e-02 -7.68444035e-01  2.01595410e-01  6.79005204e-01
 -8.84914000e-01  4.61511641e-03 -7.26598021e-01 -8.62083916e-01
  8.07416289e-01  7.14512751e-02 -4.31918045e-01 -8.55390757e-01
  9.13119419e-01  1.94207955e-01  4.25133939e-01  5.46154562e-02
 -4.42114327e-01  5.12274630e-01 -7.15962436e-01 -3.10178476e-01
  9.02024859e-01 -9.00604966e-02  8.42869111e-01 -3.08994362e-01
 -8.42259977e-01  2.50200662e-01  6.17498529e-01 -1.47157518e-01
  8.03468236e-01 -2.04533916e-01 -4.85006858e-01  2.44328621e-01
  2.39699208e-02 -5.31153792e-01  5.41347332e-01  3.75142925e-01
 -3.48058290e-01  3.84451010e-01  4.53167375e-01 -9.46760478e-01
 -5.21076564e-01]
stepsize_vec:,[1.5000e-01 1.5000e-01 1.5000e-01 1.5000e-01 4.5000e-07 1.0000e-01
 2.0000e-01 5.0000e-02 5.0000e-03 5.0000e-03 1.0000e-01 2.0000e+00
 2.0001e+03 1.6000e+00 2.0000e-02 4.0000e-02 4.0000e-02 6.0000e-02
 6.0000e-02 8.0000e-02 8.0000e-02 9.0000e-02 9.0000e-02 1.0000e-01
 1.0000e-01 2.0000e-01 2.0000e-01 2.0000e-01 2.0000e-01 2.0000e-01
 2.0000e-01 2.0000e-01 2.0000e-01 2.0000e-01 2.0000e-01 2.0000e-01
 2.0000e-01 2.0000e-01 2.0000e-01 2.0000e-01 2.0000e-01 2.0000e-01
 2.0000e-01 2.0000e-01 2.0000e-01 2.0000e-01 2.0000e-01 2.0000e-01
 2.0000e-01 2.0000e-01 2.0000e-01 2.0000e-01 2.0000e-01 2.0000e-01
 2.0000e-01 2.0000e-01 2.0000e-01 2.0000e-01 2.0000e-01 2.0000e-01
 2.0000e-01 2.0000e-01 2.0000e-01 2.0000e-01 2.0000e-01 2.0000e-01
 2.0000e-01 2.0000e-01 2.0000e-01 2.0000e-01 2.0000e-01 2.0000e-01
 2.0000e-01 2.0000e-01 2.0000e-01 2.0000e-01 2.0000e-01 2.0000e-01
 2.0000e-01 2.0000e-01 2.0000e-01 2.0000e-01 2.0000e-01 2.0000e-01
 2.0000e-01 2.0000e-01 2.0000e-01 2.0000e-01 2.0000e-01 2.0000e-01
 2.0000e-01 2.0000e-01 2.0000e-01 2.0000e-01 2.0000e-01 2.0000e-01
 2.0000e-01 2.0000e-01 2.0000e-01 2.0000e-01 2.0000e-01 2.0000e-01
 2.0000e-01 2.0000e-01 2.0000e-01 2.0000e-01 2.0000e-01 2.0000e-01
 2.0000e-01 2.0000e-01 2.0000e-01 2.0000e-01 2.0000e-01 2.0000e-01
 2.0000e-01 2.0000e-01 2.0000e-01 2.0000e-01 2.0000e-01 2.0000e-01
 2.0000e-01 2.0000e-01 2.0000e-01 2.0000e-01 2.0000e-01 2.0000e-01
 2.0000e-01 2.0000e-01 2.0000e-01 2.0000e-01 2.0000e-01 2.0000e-01
 2.0000e-01 2.0000e-01 2.0000e-01 2.0000e-01 2.0000e-01 2.0000e-01
 2.0000e-01 2.0000e-01 2.0000e-01 2.0000e-01 2.0000e-01 2.0000e-01
 2.0000e-01 2.0000e-01 2.0000e-01 2.0000e-01 2.0000e-01 2.0000e-01
 2.0000e-01 2.0000e-01 2.0000e-01 2.0000e-01 2.0000e-01 2.0000e-01
 2.0000e-01 2.0000e-01 2.0000e-01 2.0000e-01 2.0000e-01 2.0000e-01
 2.0000e-01 2.0000e-01 2.0000e-01 2.0000e-01 2.0000e-01 2.0000e-01
 2.0000e-01 2.0000e-01 2.0000e-01 2.0000e-01 2.0000e-01 2.0000e-01
 2.0000e-01 2.0000e-01 2.0000e-01 2.0000e-01 2.0000e-01 2.0000e-01
 2.0000e-01 2.0000e-01 2.0000e-01 2.0000e-01 2.0000e-01 2.0000e-01
 2.0000e-01 2.0000e-01 2.0000e-01 2.0000e-01 2.0000e-01 2.0000e-01
 2.0000e-01 2.0000e-01 2.0000e-01 2.0000e-01 2.0000e-01 2.0000e-01
 2.0000e-01 2.0000e-01 2.0000e-01 2.0000e-01 2.0000e-01 2.0000e-01
 2.0000e-01 2.0000e-01 2.0000e-01 2.0000e-01 2.0000e-01 2.0000e-01
 2.0000e-01 2.0000e-01 2.0000e-01 2.0000e-01 2.0000e-01 2.0000e-01
 2.0000e-01 2.0000e-01 2.0000e-01 2.0000e-01 2.0000e-01 2.0000e-01
 2.0000e-01 2.0000e-01 2.0000e-01 2.0000e-01 2.0000e-01 2.0000e-01
 2.0000e-01 2.0000e-01 2.0000e-01 2.0000e-01 2.0000e-01 2.0000e-01
 2.0000e-01 2.0000e-01 2.0000e-01 2.0000e-01 2.0000e-01 2.0000e-01
 2.0000e-01 2.0000e-01 2.0000e-01 2.0000e-01 2.0000e-01 2.0000e-01
 2.0000e-01 2.0000e-01 2.0000e-01 2.0000e-01 2.0000e-01 2.0000e-01
 2.0000e-01 2.0000e-01 2.0000e-01 2.0000e-01 2.0000e-01 2.0000e-01
 2.0000e-01 2.0000e-01 2.0000e-01 2.0000e-01 2.0000e-01 2.0000e-01
 2.0000e-01 2.0000e-01 2.0000e-01 2.0000e-01 2.0000e-01 2.0000e-01
 2.0000e-01 2.0000e-01 2.0000e-01 2.0000e-01 2.0000e-01 2.0000e-01
 2.0000e-01 2.0000e-01 2.0000e-01 2.0000e-01 2.0000e-01 2.0000e-01
 2.0000e-01 2.0000e-01 2.0000e-01 2.0000e-01 2.0000e-01 2.0000e-01
 2.0000e-01 2.0000e-01 2.0000e-01 2.0000e-01 2.0000e-01 2.0000e-01
 2.0000e-01 2.0000e-01 2.0000e-01 2.0000e-01 2.0000e-01 2.0000e-01
 2.0000e-01 2.0000e-01 2.0000e-01 2.0000e-01 2.0000e-01 2.0000e-01
 2.0000e-01 2.0000e-01 2.0000e-01 2.0000e-01 2.0000e-01 2.0000e-01
 2.0000e-01 2.0000e-01 2.0000e-01 2.0000e-01 2.0000e-01 2.0000e-01
 2.0000e-01 2.0000e-01 2.0000e-01 2.0000e-01 2.0000e-01 2.0000e-01
 2.0000e-01 2.0000e-01 2.0000e-01 2.0000e-01 2.0000e-01 2.0000e-01
 2.0000e-01 2.0000e-01 2.0000e-01 2.0000e-01 2.0000e-01 2.0000e-01
 2.0000e-01 2.0000e-01 2.0000e-01 2.0000e-01 2.0000e-01 2.0000e-01
 2.0000e-01 2.0000e-01 2.0000e-01 2.0000e-01 2.0000e-01 2.0000e-01
 2.0000e-01 2.0000e-01 2.0000e-01 2.0000e-01 2.0000e-01 2.0000e-01
 2.0000e-01 2.0000e-01 2.0000e-01 2.0000e-01 2.0000e-01 2.0000e-01
 2.0000e-01 2.0000e-01 2.0000e-01 2.0000e-01 2.0000e-01 2.0000e-01
 2.0000e-01 2.0000e-01 2.0000e-01 2.0000e-01 2.0000e-01 2.0000e-01
 2.0000e-01 2.0000e-01 2.0000e-01 2.0000e-01 2.0000e-01 2.0000e-01
 2.0000e-01 2.0000e-01 2.0000e-01 2.0000e-01 2.0000e-01 2.0000e-01
 2.0000e-01 2.0000e-01 2.0000e-01 2.0000e-01 2.0000e-01 2.0000e-01
 2.0000e-01 2.0000e-01 2.0000e-01 2.0000e-01 2.0000e-01 2.0000e-01
 2.0000e-01 2.0000e-01 2.0000e-01 2.0000e-01 2.0000e-01 2.0000e-01
 2.0000e-01 2.0000e-01 2.0000e-01 2.0000e-01 2.0000e-01 2.0000e-01
 2.0000e-01 2.0000e-01 2.0000e-01 2.0000e-01 2.0000e-01 2.0000e-01
 2.0000e-01 2.0000e-01 2.0000e-01 2.0000e-01 2.0000e-01 2.0000e-01
 2.0000e-01 2.0000e-01 2.0000e-01 2.0000e-01 2.0000e-01]
step_ratio_vec:,[0.1 0.1 0.1 0.1 0.1 0.1 0.1 0.1 0.1 0.1 0.1 0.1 0.1 0.1 0.1 0.1 0.1 0.1
 0.1 0.1 0.1 0.1 0.1 0.1 0.1 0.1 0.1 0.1 0.1 0.1 0.1 0.1 0.1 0.1 0.1 0.1
 0.1 0.1 0.1 0.1 0.1 0.1 0.1 0.1 0.1 0.1 0.1 0.1 0.1 0.1 0.1 0.1 0.1 0.1
 0.1 0.1 0.1 0.1 0.1 0.1 0.1 0.1 0.1 0.1 0.1 0.1 0.1 0.1 0.1 0.1 0.1 0.1
 0.1 0.1 0.1 0.1 0.1 0.1 0.1 0.1 0.1 0.1 0.1 0.1 0.1 0.1 0.1 0.1 0.1 0.1
 0.1 0.1 0.1 0.1 0.1 0.1 0.1 0.1 0.1 0.1 0.1 0.1 0.1 0.1 0.1 0.1 0.1 0.1
 0.1 0.1 0.1 0.1 0.1 0.1 0.1 0.1 0.1 0.1 0.1 0.1 0.1 0.1 0.1 0.1 0.1 0.1
 0.1 0.1 0.1 0.1 0.1 0.1 0.1 0.1 0.1 0.1 0.1 0.1 0.1 0.1 0.1 0.1 0.1 0.1
 0.1 0.1 0.1 0.1 0.1 0.1 0.1 0.1 0.1 0.1 0.1 0.1 0.1 0.1 0.1 0.1 0.1 0.1
 0.1 0.1 0.1 0.1 0.1 0.1 0.1 0.1 0.1 0.1 0.1 0.1 0.1 0.1 0.1 0.1 0.1 0.1
 0.1 0.1 0.1 0.1 0.1 0.1 0.1 0.1 0.1 0.1 0.1 0.1 0.1 0.1 0.1 0.1 0.1 0.1
 0.1 0.1 0.1 0.1 0.1 0.1 0.1 0.1 0.1 0.1 0.1 0.1 0.1 0.1 0.1 0.1 0.1 0.1
 0.1 0.1 0.1 0.1 0.1 0.1 0.1 0.1 0.1 0.1 0.1 0.1 0.1 0.1 0.1 0.1 0.1 0.1
 0.1 0.1 0.1 0.1 0.1 0.1 0.1 0.1 0.1 0.1 0.1 0.1 0.1 0.1 0.1 0.1 0.1 0.1
 0.1 0.1 0.1 0.1 0.1 0.1 0.1 0.1 0.1 0.1 0.1 0.1 0.1 0.1 0.1 0.1 0.1 0.1
 0.1 0.1 0.1 0.1 0.1 0.1 0.1 0.1 0.1 0.1 0.1 0.1 0.1 0.1 0.1 0.1 0.1 0.1
 0.1 0.1 0.1 0.1 0.1 0.1 0.1 0.1 0.1 0.1 0.1 0.1 0.1 0.1 0.1 0.1 0.1 0.1
 0.1 0.1 0.1 0.1 0.1 0.1 0.1 0.1 0.1 0.1 0.1 0.1 0.1 0.1 0.1 0.1 0.1 0.1
 0.1 0.1 0.1 0.1 0.1 0.1 0.1 0.1 0.1 0.1 0.1 0.1 0.1 0.1 0.1 0.1 0.1 0.1
 0.1 0.1 0.1 0.1 0.1 0.1 0.1 0.1 0.1 0.1 0.1 0.1 0.1 0.1 0.1 0.1 0.1 0.1
 0.1 0.1 0.1 0.1 0.1 0.1 0.1 0.1 0.1 0.1 0.1 0.1 0.1 0.1 0.1 0.1 0.1 0.1
 0.1 0.1 0.1 0.1 0.1 0.1 0.1 0.1 0.1 0.1 0.1 0.1 0.1 0.1 0.1 0.1 0.1 0.1
 0.1 0.1 0.1 0.1 0.1 0.1 0.1 0.1 0.1 0.1 0.1 0.1 0.1 0.1 0.1 0.1 0.1 0.1
 0.1 0.1 0.1 0.1 0.1 0.1 0.1 0.1 0.1 0.1 0.1]
swap interval:,2
sim interval:,[-1.49e+08 -1.40e+08 -1.25e+08 -1.15e+08 -1.00e+08 -7.50e+07 -5.00e+07
 -4.00e+07 -3.00e+07 -2.50e+07 -5.00e+06  0.00e+00]
likelihood_sed (T/F):,True
erodep_coords,elev_coords:,[[42 94]
 [42 95]
 [42 96]
 ...
 [96 78]
 [96 79]
 [96 80]]
sed scaling factor:,1