-17055.60
-15917.37
-15961.74
-16912.83
-15887.62
-17113.07
-15848.87
-15896.35
-16003.97
-17129.69
-15825.39
-15916.32
-15862.11
-15955.37
-15801.36
-15847.57
-15892.10
-15848.87
-15838.00
-15925.76
-15915.86
-15801.36
-15794.64
-21007.12
-20895.88
-21046.87
-20954.77
-20992.76
-21034.11
-21033.02
-21098.72
-21040.86
-21001.89
-20829.79
-20777.93
-21005.36
-20726.57
-21079.12
-21022.54
-21027.16
-20922.73
-21001.95
-20960.16
-20995.60
-21087.37
-21006.02
-22307.79
-20957.82
-22384.16
-20955.47
-21005.59
-21026.46
-22486.00
-20899.37
-21052.32
-20988.97
-20923.20
-20942.55
-20933.83
-20934.41
-22397.35
-21125.42
-21045.31
-20983.99
