-15036.05
-14203.13
-15028.27
-14011.58
-14090.05
-14064.27
-15032.46
-14030.53
-14119.08
-14063.90
-14020.51
-14086.22
-14000.73
-14143.39
-14079.73
-14042.67
-14105.40
-13997.14
-14043.29
-14196.89
-13997.92
-14985.95
-14057.05
-22710.72
-21336.21
-21264.81
-21254.69
-21273.53
-21254.69
-21254.69
-21464.60
-21380.97
-21332.34
-21254.78
-21344.27
-21223.80
-21230.45
-21273.71
-21230.45
-21092.86
-21279.01
-21250.08
-21265.41
-21321.35
-21092.86
-21500.65
-21445.96
-21415.40
-21223.80
-21261.14
-21400.79
-21433.64
-21350.09
-21281.23
-21381.94
-21166.75
-21262.57
-21092.86
-21317.53
-22585.50
-21223.80
-21315.41
-22623.15
-21299.04
