-11310.42
-10621.60
-10644.21
-11332.05
-11274.63
-10587.11
-10622.81
-10687.22
-10594.64
-10627.07
-10716.81
-10621.60
-10679.41
-10616.89
-10542.91
-10623.01
-10645.01
-10594.28
-10603.27
-10617.23
-10576.00
-10555.50
-10622.57
-21253.90
-21331.98
-21234.57
-21355.49
-21340.82
-21166.10
-21266.39
-21262.59
-21205.16
-21078.74
-21078.74
-21252.03
-21251.39
-21244.79
-21222.71
-21190.11
-21179.45
-21292.40
-21292.40
-21135.01
-21258.33
-21340.38
-21137.62
-21295.39
-21384.52
-21259.28
-21184.00
-21162.07
-21278.75
-21338.46
-21296.47
-21242.91
-21313.87
-21215.70
-21235.10
-22860.15
-22670.14
-21292.40
-21175.20
-21256.57
-21238.40
