-12058.16
-12887.87
-12819.21
-12059.75
-12838.07
-12028.92
-12042.14
-12046.50
-12064.99
-12095.06
-11987.33
-12005.85
-12082.34
-12084.25
-12014.83
-12068.87
-12853.20
-12898.02
-12071.46
-12004.22
-12034.92
-12038.48
-12024.96
-20971.51
-21011.93
-20958.42
-20995.25
-21109.90
-20871.16
-20962.68
-20936.14
-21018.27
-20928.87
-20930.17
-20885.62
-20923.18
-20967.11
-20986.69
-20889.36
-21081.39
-20945.98
-22359.49
-21009.80
-20973.75
-21025.76
-22470.73
-20957.56
-21004.41
-20919.80
-20919.80
-21068.43
-20864.20
-20998.69
-20944.90
-20970.68
-21009.80
-22377.56
-22451.85
-21014.32
-21025.44
-20966.55
-21044.66
-20850.64
-22327.35
