-18300.63
-19682.84
-18318.60
-18229.15
-18278.55
-18392.28
-18266.44
-18253.59
-18402.55
-18350.03
-19581.71
-18342.17
-18314.93
-18278.68
-18391.08
-18264.24
-18399.75
-18351.72
-18302.50
-18332.75
-18384.41
-18347.82
-18328.58
-21103.05
-21073.50
-21129.26
-21127.98
-21028.28
-20980.78
-21212.87
-21158.67
-21174.14
-21042.36
-22518.56
-21093.91
-21093.91
-21080.75
-20969.90
-21049.70
-21199.45
-21102.83
-21093.91
-21037.13
-21030.91
-21041.15
-21093.91
-21180.18
-21071.59
-21148.49
-22621.71
-21050.02
-21161.21
-20997.70
-21051.82
-20900.98
-21131.28
-21061.95
-20927.60
-21093.91
-20882.10
-21059.43
-21087.98
-22558.93
-22465.64
