-22833.76
-22732.53
-21412.73
-21320.07
-22846.04
-21315.36
-21382.65
-21411.98
-21382.65
-21404.54
-21410.40
-21382.02
-21327.41
-21426.65
-21383.49
-21325.01
-21467.80
-21315.36
-21388.63
-21365.86
-21212.85
-21346.48
-21201.74
-21394.97
-21220.77
-21295.04
-22781.88
-21201.74
-21246.43
-21281.64
-21180.19
-21158.90
-21285.47
-21382.65
-21145.70
-21214.96
-21158.90
-21509.45
-21242.47
-21256.79
-21220.98
-21244.17
-21227.28
-21299.79
-21280.66
-21467.35
-21275.96
-21360.14
-21421.56
-21228.80
-21232.59
-21232.59
-21285.61
-21309.15
-21201.74
-21301.49
-22875.68
-21070.52
-21244.54
-21308.85
-21254.84
-21221.04
-21136.80
-21328.38
