0.20 0.08 0.16 0.14 0.13 0.07 0.07 0.09 0.07 0.10 0.07 0.08
0.20 0.08 0.16 0.14 0.13 0.07 0.07 0.09 0.07 0.10 0.07 0.07
0.20 0.24 0.33 0.31 0.30 0.25 0.26 0.29 0.26 0.30 0.26 0.26
0.20 0.08 0.16 0.14 0.13 0.07 0.07 0.09 0.07 0.10 0.07 0.07
0.20 0.24 0.33 0.31 0.30 0.25 0.26 0.29 0.26 0.30 0.26 0.26
0.20 0.24 0.33 0.31 0.30 0.25 0.26 0.29 0.26 0.30 0.26 0.26
0.20 0.08 0.16 0.14 0.13 0.07 0.07 0.09 0.07 0.11 0.07 0.08
0.20 0.08 0.16 0.14 0.13 0.07 0.07 0.09 0.07 0.10 0.07 0.08
0.20 0.08 0.16 0.14 0.13 0.07 0.07 0.09 0.07 0.10 0.07 0.07
0.20 0.08 0.16 0.14 0.13 0.07 0.07 0.09 0.07 0.10 0.07 0.07
0.20 0.24 0.33 0.31 0.30 0.26 0.26 0.29 0.26 0.30 0.26 0.26
0.20 0.24 0.33 0.31 0.30 0.25 0.26 0.29 0.26 0.30 0.26 0.26
